1 0.06610576923076923 0.3746987951807229 0.12740384615384617 0.3493975903614458
1 0.15504807692307693 0.44337349397590364 0.14182692307692307 0.2602409638554217
1 0.27524038461538464 0.48313253012048196 0.16586538461538464 0.2385542168674699
1 0.25841346153846156 0.32891566265060246 0.18990384615384617 0.1951807228915663
1 0.47836538461538464 0.4 0.20192307692307693 0.27951807228915665
1 0.5540865384615385 0.327710843373494 0.18028846153846154 0.2602409638554217
1 0.6923076923076923 0.3722891566265061 0.13942307692307693 0.2385542168674699
1 0.8317307692307693 0.4156626506024097 0.1826923076923077 0.24819277108433738
1 0.9158653846153847 0.3530120481927711 0.15865384615384617 0.29638554216867474
1 0.06490384615384616 0.09879518072289158 0.12980769230769232 0.19759036144578315
1 0.15384615384615385 0.042168674698795185 0.14423076923076925 0.08433734939759037
1 0.2572115384615385 0.08313253012048194 0.19230769230769232 0.16626506024096388
1 0.4795673076923077 0.06867469879518073 0.2043269230769231 0.13734939759036147
1 0.5528846153846154 0.1 0.1826923076923077 0.2
1 0.6935096153846154 0.07228915662650603 0.14182692307692307 0.14457831325301207
1 0.8329326923076924 0.05301204819277109 0.18509615384615385 0.10602409638554218
1 0.9170673076923077 0.0963855421686747 0.16105769230769232 0.1927710843373494
