0 0.2295673076923077 0.4675480769230769 0.07451923076923077 0.0889423076923077
0 0.4963942307692308 0.42668269230769235 0.07932692307692309 0.09855769230769232
0 0.36778846153846156 0.4375 0.06730769230769232 0.09134615384615385
0 0.75 0.4519230769230769 0.0625 0.08653846153846154
0 0.6610576923076923 0.46995192307692313 0.05288461538461539 0.06490384615384616
1 0.5372596153846154 0.46274038461538464 0.04567307692307693 0.07932692307692309
0 0.717548076923077 0.46274038461538464 0.03605769230769231 0.05528846153846154
0 0.4951923076923077 0.03125 0.08173076923076923 0.0625
0 0.36899038461538464 0.02403846153846154 0.06971153846153846 0.04807692307692308
0 0.7512019230769231 0.015625 0.06490384615384616 0.03125
1 0.5360576923076923 0.00841346153846154 0.04807692307692308 0.01682692307692308
