1 0.5913461538461539 0.25480769230769235 0.14423076923076925 0.15384615384615385
1 0.24399038461538464 0.3197115384615385 0.0889423076923077 0.10096153846153846
1 0.1670673076923077 0.3317307692307693 0.12259615384615385 0.14423076923076925
0 0.41105769230769235 0.34615384615384615 0.08173076923076923 0.09134615384615385
0 0.6586538461538461 0.3028846153846154 0.07692307692307693 0.08173076923076923
1 0.5913461538461539 0.07692307692307693 0.14423076923076925 0.15384615384615385
1 0.24278846153846156 0.03245192307692308 0.09134615384615385 0.06490384615384616
1 0.16586538461538464 0.037259615384615384 0.125 0.07451923076923077
0 0.4122596153846154 0.01682692307692308 0.08413461538461539 0.03365384615384616
0 0.6598557692307693 0.03605769230769231 0.07932692307692309 0.07211538461538462
