1 0.19110576923076925 0.27951807228915665 0.12259615384615385 0.13012048192771086
1 0.3966346153846154 0.2530120481927711 0.10576923076923078 0.07710843373493977
1 0.5216346153846154 0.3566265060240964 0.07692307692307693 0.10120481927710845
1 0.6057692307692308 0.3626506024096386 0.08173076923076923 0.11807228915662651
1 0.6838942307692308 0.3373493975903615 0.10817307692307693 0.1493975903614458
0 0.39903846153846156 0.3457831325301205 0.16346153846153846 0.17590361445783134
0 0.717548076923077 0.5481927710843374 0.2572115384615385 0.29156626506024097
0 0.7776442307692308 0.3481927710843374 0.13221153846153846 0.16626506024096388
1 0.18990384615384617 0.06024096385542169 0.125 0.12048192771084339
1 0.3966346153846154 0.07951807228915664 0.10576923076923078 0.07710843373493977
1 0.5228365384615384 0.014457831325301207 0.07932692307692309 0.028915662650602414
1 0.6069711538461539 0.01566265060240964 0.08413461538461539 0.03132530120481928
1 0.6826923076923077 0.03614457831325302 0.11057692307692309 0.07228915662650603
0 0.40024038461538464 0.03855421686746988 0.16586538461538464 0.07710843373493977
0 0.7764423076923077 0.03493975903614458 0.13461538461538464 0.06987951807228916
