1 0.5408653846153847 0.26322115384615385 0.0625 0.0889423076923077
1 0.9110576923076924 0.22836538461538464 0.13942307692307693 0.11538461538461539
1 0.41105769230769235 0.2644230769230769 0.07211538461538462 0.1201923076923077
1 0.7884615384615385 0.25961538461538464 0.10576923076923078 0.13942307692307693
1 0.3341346153846154 0.23317307692307693 0.09134615384615385 0.125
1 0.4759615384615385 0.36778846153846156 0.1201923076923077 0.10096153846153846
1 0.5408653846153847 0.07091346153846154 0.0625 0.0889423076923077
1 0.9110576923076924 0.10336538461538462 0.13942307692307693 0.11538461538461539
1 0.41105769230769235 0.06730769230769232 0.07211538461538462 0.1201923076923077
1 0.7884615384615385 0.07211538461538462 0.10576923076923078 0.13942307692307693
1 0.3341346153846154 0.09855769230769232 0.09134615384615385 0.125
