1 0.2247596153846154 0.3891566265060241 0.08413461538461539 0.09879518072289158
1 0.11658653846153846 0.31204819277108437 0.11778846153846155 0.13734939759036147
1 0.8701923076923077 0.4096385542168675 0.07211538461538462 0.07710843373493977
1 0.7079326923076924 0.3807228915662651 0.09855769230769232 0.10602409638554218
1 0.3858173076923077 0.3686746987951808 0.08413461538461539 0.10120481927710845
1 0.5072115384615384 0.3843373493975904 0.07211538461538462 0.09879518072289158
1 0.22355769230769232 0.016867469879518072 0.08653846153846154 0.033734939759036145
1 0.11538461538461539 0.06506024096385543 0.1201923076923077 0.13012048192771086
1 0.7067307692307693 0.022891566265060243 0.10096153846153846 0.045783132530120486
1 0.38461538461538464 0.027710843373493978 0.08653846153846154 0.055421686746987955
1 0.5084134615384616 0.01927710843373494 0.07451923076923077 0.03855421686746988
