1 0.14543269230769232 0.65625 0.06490384615384616 0.0625
1 0.40024038461538464 0.7524038461538461 0.06009615384615385 0.057692307692307696
1 0.3004807692307693 0.6189903846153847 0.0625 0.07451923076923077
1 0.04807692307692308 0.4723557692307693 0.057692307692307696 0.05528846153846154
1 0.3870192307692308 0.4759615384615385 0.04326923076923077 0.05288461538461539
1 0.3942307692307693 0.6286057692307693 0.06730769230769232 0.06971153846153846
0 0.1201923076923077 0.5336538461538461 0.057692307692307696 0.0625
0 0.22596153846153846 0.7451923076923077 0.0625 0.0625
0 0.5 0.6045673076923077 0.057692307692307696 0.040865384615384616
1 0.14543269230769232 0.9495192307692308 0.06490384615384616 0.0625
1 0.40024038461538464 0.8533653846153847 0.06009615384615385 0.057692307692307696
1 0.30168269230769235 0.9735576923076924 0.06490384615384616 0.04807692307692308
1 0.39543269230769235 0.9699519230769231 0.06971153846153846 0.05528846153846154
0 0.22596153846153846 0.8605769230769231 0.0625 0.0625
0 0.5012019230769231 0.9891826923076924 0.06009615384615385 0.01682692307692308
