1 0.25180722891566265 0.3473557692307693 0.10361445783132531 0.12259615384615385
1 0.35421686746987957 0.4086538461538462 0.05783132530120483 0.07692307692307693
1 0.4313253012048193 0.4182692307692308 0.06265060240963856 0.09615384615384616
1 0.6289156626506025 0.39543269230769235 0.06746987951807229 0.09375
1 0.7289156626506025 0.4603365384615385 0.050602409638554224 0.08413461538461539
1 0.8012048192771085 0.4074519230769231 0.045783132530120486 0.10336538461538462
1 0.10240963855421688 0.3473557692307693 0.10361445783132531 0.12259615384615385
1 0.014457831325301207 0.4098557692307693 0.028915662650602414 0.07932692307692309
1 0.9240963855421688 0.4603365384615385 0.050602409638554224 0.08413461538461539
1 0.8518072289156627 0.4074519230769231 0.045783132530120486 0.10336538461538462
