1 0.4326923076923077 0.49759615384615385 0.03365384615384616 0.038461538461538464
1 0.43028846153846156 0.23798076923076925 0.028846153846153848 0.04326923076923077
1 0.5649038461538461 0.670673076923077 0.03365384615384616 0.038461538461538464
1 0.6286057692307693 0.2451923076923077 0.03125 0.038461538461538464
1 0.04567307692307693 0.7716346153846154 0.02403846153846154 0.03365384615384616
1 0.6802884615384616 0.7824519230769231 0.03365384615384616 0.03125
1 0.43149038461538464 0.018028846153846156 0.03125 0.03605769230769231
1 0.6274038461538461 0.013221153846153848 0.03365384615384616 0.026442307692307696
1 0.04567307692307693 0.9783653846153847 0.02403846153846154 0.03365384615384616
1 0.6802884615384616 0.9699519230769231 0.03365384615384616 0.03125
