1 0.3858173076923077 0.5879518072289157 0.06009615384615385 0.06265060240963856
1 0.9122596153846154 0.5879518072289157 0.06490384615384616 0.06265060240963856
1 0.12620192307692307 0.5807228915662651 0.06971153846153846 0.05301204819277109
1 0.717548076923077 0.6000000000000001 0.06009615384615385 0.06265060240963856
1 0.8521634615384616 0.6156626506024097 0.08413461538461539 0.0746987951807229
1 0.27403846153846156 0.6228915662650603 0.057692307692307696 0.055421686746987955
1 0.7836538461538461 0.6301204819277109 0.03365384615384616 0.050602409638554224
1 0.7668269230769231 0.5457831325301206 0.03365384615384616 0.04096385542168675
1 0.6875 0.555421686746988 0.038461538461538464 0.03132530120481928
1 0.38461538461538464 0.9710843373493977 0.0625 0.05301204819277109
1 0.9110576923076924 0.9710843373493977 0.06730769230769232 0.05301204819277109
1 0.125 0.9771084337349398 0.07211538461538462 0.04096385542168675
1 0.717548076923077 0.9638554216867471 0.06009615384615385 0.06265060240963856
1 0.8521634615384616 0.9506024096385542 0.08413461538461539 0.0746987951807229
1 0.27403846153846156 0.9433734939759036 0.057692307692307696 0.055421686746987955
1 0.7836538461538461 0.936144578313253 0.03365384615384616 0.050602409638554224
