1 0.2800480769230769 0.3686746987951808 0.06490384615384616 0.0819277108433735
1 0.8305288461538461 0.3204819277108434 0.05528846153846154 0.0963855421686747
1 0.6754807692307693 0.31445783132530125 0.10096153846153846 0.11807228915662651
0 0.4675480769230769 0.30722891566265065 0.07451923076923077 0.10361445783132531
1 0.796875 0.32289156626506027 0.03605769230769231 0.0819277108433735
1 0.5600961538461539 0.3650602409638555 0.038461538461538464 0.050602409638554224
1 0.2800480769230769 0.09397590361445785 0.06490384615384616 0.0819277108433735
1 0.8305288461538461 0.14216867469879518 0.05528846153846154 0.0963855421686747
1 0.6754807692307693 0.15060240963855423 0.10096153846153846 0.11807228915662651
0 0.4675480769230769 0.15783132530120483 0.07451923076923077 0.10361445783132531
1 0.796875 0.13975903614457832 0.03605769230769231 0.0819277108433735
1 0.5600961538461539 0.1 0.038461538461538464 0.050602409638554224
