1 0.19471153846153846 0.4337349397590362 0.04807692307692308 0.05783132530120483
1 0.764423076923077 0.4349397590361446 0.04326923076923077 0.050602409638554224
1 0.1310096153846154 0.4156626506024097 0.05048076923076923 0.06024096385542169
1 0.2956730769230769 0.42530120481927713 0.038461538461538464 0.055421686746987955
1 0.3786057692307693 0.43253012048192774 0.040865384615384616 0.055421686746987955
1 0.4170673076923077 0.4409638554216868 0.03125 0.04337349397590362
1 0.4795673076923077 0.4421686746987952 0.026442307692307696 0.03614457831325302
1 0.5096153846153847 0.42891566265060244 0.03365384615384616 0.04819277108433735
1 0.545673076923077 0.4373493975903615 0.02403846153846154 0.050602409638554224
1 0.5745192307692308 0.427710843373494 0.038461538461538464 0.055421686746987955
1 0.608173076923077 0.4409638554216868 0.03365384615384616 0.04819277108433735
1 0.671875 0.43614457831325304 0.040865384615384616 0.05301204819277109
1 0.7199519230769231 0.4349397590361446 0.040865384615384616 0.050602409638554224
