1 0.1778846153846154 0.3493975903614458 0.07211538461538462 0.0819277108433735
1 0.37259615384615385 0.43614457831325304 0.10096153846153846 0.0963855421686747
1 0.2764423076923077 0.5216867469879518 0.15384615384615385 0.14216867469879518
0 0.84375 0.27108433734939763 0.08653846153846154 0.10361445783132531
0 0.7055288461538461 0.2987951807228916 0.05528846153846154 0.07228915662650603
0 0.44230769230769235 0.3337349397590362 0.06730769230769232 0.06987951807228916
1 0.6057692307692308 0.32650602409638557 0.038461538461538464 0.055421686746987955
1 0.5444711538461539 0.3457831325301205 0.040865384615384616 0.055421686746987955
1 0.5108173076923077 0.3481927710843374 0.03125 0.045783132530120486
1 0.46634615384615385 0.3445783132530121 0.03365384615384616 0.05783132530120483
0 0.6730769230769231 0.3313253012048193 0.04807692307692308 0.045783132530120486
0 0.9290865384615385 0.3204819277108434 0.03605769230769231 0.05301204819277109
1 0.17908653846153846 0.013253012048192772 0.07451923076923077 0.026506024096385545
0 0.84375 0.06385542168674699 0.08653846153846154 0.10361445783132531
0 0.7043269230769231 0.03614457831325302 0.057692307692307696 0.07228915662650603
0 0.4435096153846154 0.01807228915662651 0.06971153846153846 0.03614457831325302
1 0.6069711538461539 0.01807228915662651 0.040865384615384616 0.03614457831325302
1 0.5432692307692308 0.008433734939759036 0.04326923076923077 0.016867469879518072
1 0.5096153846153847 0.004819277108433735 0.03365384615384616 0.00963855421686747
1 0.4675480769230769 0.00963855421686747 0.03605769230769231 0.01927710843373494
0 0.6742788461538461 0.013253012048192772 0.05048076923076923 0.026506024096385545
0 0.9278846153846154 0.020481927710843374 0.038461538461538464 0.04096385542168675
