1 0.12740384615384617 0.3665865384615385 0.07692307692307693 0.10336538461538462
1 0.32211538461538464 0.328125 0.1201923076923077 0.17067307692307693
1 0.780048076923077 0.37980769230769235 0.09855769230769232 0.12980769230769232
1 0.936298076923077 0.3581730769230769 0.08413461538461539 0.12980769230769232
1 0.03365384615384616 0.37980769230769235 0.0625 0.13942307692307693
1 0.5360576923076923 0.40024038461538464 0.10096153846153846 0.13701923076923078
1 0.6346153846153847 0.40024038461538464 0.10576923076923078 0.13221153846153846
1 0.2451923076923077 0.3425480769230769 0.07692307692307693 0.12740384615384617
1 0.686298076923077 0.3497596153846154 0.05048076923076923 0.06490384615384616
1 0.3233173076923077 0.04567307692307693 0.12259615384615385 0.09134615384615385
1 0.9350961538461539 0.020432692307692308 0.08653846153846154 0.040865384615384616
1 0.24639423076923078 0.02764423076923077 0.07932692307692309 0.05528846153846154
1 0.6850961538461539 0.00841346153846154 0.05288461538461539 0.01682692307692308
