1 0.040865384615384616 0.5625 0.07211538461538462 0.09134615384615385
1 0.17908653846153846 0.546875 0.06971153846153846 0.07932692307692309
1 0.5384615384615385 0.5829326923076923 0.06730769230769232 0.06971153846153846
1 0.3822115384615385 0.5516826923076923 0.04807692307692308 0.06490384615384616
1 0.6213942307692308 0.5576923076923077 0.04567307692307693 0.07211538461538462
1 0.875 0.5697115384615385 0.04326923076923077 0.05288461538461539
1 0.6129807692307693 0.4483173076923077 0.038461538461538464 0.04567307692307693
1 0.5 0.5228365384615384 0.038461538461538464 0.04567307692307693
1 0.5733173076923077 0.4242788461538462 0.021634615384615384 0.03605769230769231
1 0.6466346153846154 0.4326923076923077 0.028846153846153848 0.04326923076923077
