1 0.042067307692307696 0.4084337349397591 0.04567307692307693 0.0746987951807229
1 0.18149038461538464 0.46867469879518076 0.06009615384615385 0.0746987951807229
1 0.859375 0.46024096385542174 0.06009615384615385 0.05301204819277109
1 0.17908653846153846 0.2096385542168675 0.040865384615384616 0.05301204819277109
1 0.21514423076923078 0.3650602409638555 0.04567307692307693 0.06024096385542169
1 0.8329326923076924 0.31807228915662655 0.04567307692307693 0.05301204819277109
1 0.9639423076923077 0.3024096385542169 0.0625 0.055421686746987955
1 0.22836538461538464 0.20481927710843376 0.038461538461538464 0.04819277108433735
1 0.3918269230769231 0.2457831325301205 0.04807692307692308 0.05301204819277109
0 0.6478365384615385 0.3807228915662651 0.04567307692307693 0.05301204819277109
0 0.8377403846153847 0.610843373493976 0.06009615384615385 0.045783132530120486
0 0.7067307692307693 0.24819277108433738 0.04807692307692308 0.04819277108433735
1 0.17908653846153846 0.12289156626506025 0.040865384615384616 0.05301204819277109
1 0.8317307692307693 0.02168674698795181 0.04807692307692308 0.04337349397590362
1 0.9639423076923077 0.032530120481927716 0.0625 0.055421686746987955
1 0.22836538461538464 0.12771084337349398 0.038461538461538464 0.04819277108433735
1 0.3918269230769231 0.08674698795180724 0.04807692307692308 0.05301204819277109
0 0.7067307692307693 0.08433734939759037 0.04807692307692308 0.04819277108433735
