1 0.11057692307692309 0.4086538461538462 0.0625 0.07211538461538462
1 0.3581730769230769 0.390625 0.057692307692307696 0.06009615384615385
1 0.6490384615384616 0.37259615384615385 0.04807692307692308 0.057692307692307696
1 0.4399038461538462 0.36418269230769235 0.05288461538461539 0.06009615384615385
1 0.02764423076923077 0.359375 0.05048076923076923 0.09375
1 0.21754807692307693 0.3930288461538462 0.05048076923076923 0.05528846153846154
1 0.1670673076923077 0.40024038461538464 0.040865384615384616 0.04567307692307693
1 0.8762019230769231 0.4026442307692308 0.04567307692307693 0.05528846153846154
1 0.9795673076923077 0.37259615384615385 0.03605769230769231 0.08173076923076923
1 0.9567307692307693 0.3545673076923077 0.03365384615384616 0.040865384615384616
1 0.47355769230769235 0.37980769230769235 0.03365384615384616 0.04326923076923077
1 0.042067307692307696 0.4050480769230769 0.040865384615384616 0.05528846153846154
1 0.8774038461538463 0.3737980769230769 0.03365384615384616 0.040865384615384616
1 0.11177884615384616 0.03125 0.06490384615384616 0.0625
1 0.3581730769230769 0.04447115384615385 0.057692307692307696 0.06009615384615385
1 0.6490384615384616 0.06009615384615385 0.04807692307692308 0.057692307692307696
1 0.4399038461538462 0.07091346153846154 0.05288461538461539 0.06009615384615385
1 0.02764423076923077 0.07572115384615385 0.05048076923076923 0.09375
1 0.21754807692307693 0.042067307692307696 0.05048076923076923 0.05528846153846154
1 0.1670673076923077 0.03485576923076923 0.040865384615384616 0.04567307692307693
1 0.8762019230769231 0.03245192307692308 0.04567307692307693 0.05528846153846154
1 0.9795673076923077 0.06009615384615385 0.03605769230769231 0.08173076923076923
1 0.9567307692307693 0.08052884615384616 0.03365384615384616 0.040865384615384616
1 0.47355769230769235 0.05288461538461539 0.03365384615384616 0.04326923076923077
1 0.042067307692307696 0.030048076923076924 0.040865384615384616 0.05528846153846154
1 0.8774038461538463 0.06129807692307693 0.03365384615384616 0.040865384615384616
