1 0.9146634615384616 0.3497596153846154 0.11298076923076923 0.14182692307692307
1 0.05168269230769231 0.3966346153846154 0.08413461538461539 0.09134615384615385
1 0.6346153846153847 0.37980769230769235 0.05288461538461539 0.09134615384615385
1 0.748798076923077 0.3918269230769231 0.05528846153846154 0.08653846153846154
1 0.30528846153846156 0.3978365384615385 0.05288461538461539 0.06971153846153846
1 0.21634615384615385 0.3978365384615385 0.04807692307692308 0.06971153846153846
0 0.17427884615384617 0.37980769230769235 0.05048076923076923 0.06730769230769232
0 0.8016826923076924 0.38341346153846156 0.05528846153846154 0.0889423076923077
0 0.4435096153846154 0.41105769230769235 0.04567307692307693 0.07211538461538462
0 0.5552884615384616 0.40024038461538464 0.04326923076923077 0.07451923076923077
0 0.5 0.38341346153846156 0.038461538461538464 0.06490384615384616
1 0.25240384615384615 0.3605769230769231 0.03365384615384616 0.04807692307692308
0 0.39903846153846156 0.3930288461538462 0.04326923076923077 0.06490384615384616
