1 0.733173076923077 0.3746987951807229 0.11057692307692309 0.13253012048192772
1 0.24278846153846156 0.32650602409638557 0.11057692307692309 0.16626506024096388
1 0.5889423076923077 0.4036144578313253 0.06730769230769232 0.09397590361445785
1 0.48918269230769235 0.3698795180722892 0.08413461538461539 0.12289156626506025
1 0.36899038461538464 0.3722891566265061 0.12259615384615385 0.16626506024096388
1 0.057692307692307696 0.3963855421686747 0.11057692307692309 0.15180722891566267
1 0.6670673076923077 0.49638554216867475 0.13221153846153846 0.13012048192771086
1 0.734375 0.013253012048192772 0.11298076923076923 0.026506024096385545
1 0.24399038461538464 0.045783132530120486 0.11298076923076923 0.09156626506024097
1 0.4879807692307693 0.013253012048192772 0.08653846153846154 0.026506024096385545
1 0.36778846153846156 0.022891566265060243 0.125 0.045783132530120486
