1 0.5879518072289157 0.7596153846153847 0.05783132530120483 0.07692307692307693
1 0.3843373493975904 0.7319711538461539 0.03614457831325302 0.05048076923076923
1 0.455421686746988 0.7512019230769231 0.028915662650602414 0.05048076923076923
1 0.5313253012048194 0.2920673076923077 0.026506024096385545 0.03125
0 0.23253012048192773 0.7199519230769231 0.02168674698795181 0.026442307692307696
0 0.31204819277108437 0.7307692307692308 0.02168674698795181 0.02403846153846154
0 0.1951807228915663 0.703125 0.01927710843373494 0.026442307692307696
0 0.26987951807228916 0.7295673076923077 0.01927710843373494 0.021634615384615384
0 0.25421686746987954 0.7091346153846154 0.016867469879518072 0.019230769230769232
0 0.29759036144578316 0.7199519230769231 0.016867469879518072 0.021634615384615384
0 0.3313253012048193 0.7223557692307693 0.016867469879518072 0.026442307692307696
0 0.3481927710843374 0.717548076923077 0.02168674698795181 0.026442307692307696
0 0.47469879518072294 0.7271634615384616 0.01927710843373494 0.01682692307692308
0 0.5337349397590362 0.7307692307692308 0.016867469879518072 0.02403846153846154
0 0.6939759036144579 0.7415865384615385 0.01927710843373494 0.021634615384615384
0 0.4445783132530121 0.7259615384615385 0.016867469879518072 0.019230769230769232
0 0.10240963855421688 0.7199519230769231 0.02168674698795181 0.026442307692307696
0 0.022891566265060243 0.7307692307692308 0.02168674698795181 0.02403846153846154
0 0.13734939759036147 0.703125 0.01927710843373494 0.026442307692307696
0 0.06265060240963856 0.7295673076923077 0.01927710843373494 0.021634615384615384
0 0.08072289156626507 0.7091346153846154 0.016867469879518072 0.019230769230769232
0 0.03734939759036145 0.7199519230769231 0.016867469879518072 0.021634615384615384
0 0.006024096385542169 0.7211538461538461 0.012048192771084338 0.028846153846153848
0 0.9734939759036145 0.7415865384615385 0.01927710843373494 0.021634615384615384
