0 0.1201923076923077 0.3581730769230769 0.04807692307692308 0.057692307692307696
0 0.23918269230769232 0.34134615384615385 0.07451923076923077 0.07692307692307693
0 0.28605769230769235 0.3557692307692308 0.03365384615384616 0.05288461538461539
0 0.4447115384615385 0.35216346153846156 0.05288461538461539 0.06971153846153846
0 0.5552884615384616 0.390625 0.028846153846153848 0.04567307692307693
0 0.6141826923076923 0.35336538461538464 0.040865384615384616 0.04807692307692308
0 0.6899038461538461 0.3509615384615385 0.038461538461538464 0.04807692307692308
0 0.7764423076923077 0.32572115384615385 0.07692307692307693 0.06971153846153846
0 0.23798076923076925 0.00841346153846154 0.07692307692307693 0.01682692307692308
0 0.7776442307692308 0.014423076923076924 0.07932692307692309 0.028846153846153848
