1 0.9411057692307693 0.3710843373493976 0.11298076923076923 0.13493975903614458
1 0.7403846153846154 0.4048192771084338 0.10576923076923078 0.12048192771084339
1 0.3076923076923077 0.5686746987951807 0.06730769230769232 0.07710843373493977
0 0.20072115384615385 0.4036144578313253 0.07451923076923077 0.09397590361445785
0 0.38461538461538464 0.3951807228915663 0.08173076923076923 0.10120481927710845
0 0.5757211538461539 0.3891566265060241 0.07932692307692309 0.10361445783132531
0 0.514423076923077 0.4084337349397591 0.06730769230769232 0.09397590361445785
0 0.03125 0.4132530120481928 0.057692307692307696 0.10843373493975905
0 0.16826923076923078 0.4445783132530121 0.04326923076923077 0.06987951807228916
1 0.8088942307692308 0.5951807228915663 0.06009615384615385 0.0819277108433735
0 0.8858173076923077 0.41445783132530123 0.06490384615384616 0.10602409638554218
1 0.9399038461538463 0.04939759036144579 0.11538461538461539 0.09879518072289158
1 0.7415865384615385 0.028915662650602414 0.10817307692307693 0.05783132530120483
0 0.19951923076923078 0.022891566265060243 0.07692307692307693 0.045783132530120486
0 0.3858173076923077 0.028915662650602414 0.08413461538461539 0.05783132530120483
0 0.5745192307692308 0.032530120481927716 0.08173076923076923 0.06506024096385543
0 0.515625 0.020481927710843374 0.06971153846153846 0.04096385542168675
0 0.03245192307692308 0.02168674698795181 0.06009615384615385 0.04337349397590362
1 0.8076923076923077 0.9819277108433736 0.0625 0.03132530120481928
0 0.8846153846153847 0.020481927710843374 0.06730769230769232 0.04096385542168675
