1 0.7980769230769231 0.5987951807228916 0.04807692307692308 0.050602409638554224
1 0.7584134615384616 0.6036144578313254 0.040865384615384616 0.050602409638554224
1 0.6598557692307693 0.6204819277108434 0.04567307692307693 0.045783132530120486
1 0.6899038461538461 0.6000000000000001 0.02403846153846154 0.033734939759036145
1 0.5420673076923077 0.6879518072289157 0.040865384615384616 0.03614457831325302
1 0.4603365384615385 0.5903614457831325 0.04567307692307693 0.033734939759036145
1 0.35336538461538464 0.6024096385542169 0.028846153846153848 0.03855421686746988
1 0.3317307692307693 0.655421686746988 0.038461538461538464 0.033734939759036145
1 0.3112980769230769 0.6072289156626507 0.021634615384615384 0.028915662650602414
1 0.25480769230769235 0.6289156626506025 0.03365384615384616 0.033734939759036145
1 0.2980769230769231 0.6879518072289157 0.028846153846153848 0.026506024096385545
1 0.5420673076923077 0.9771084337349398 0.040865384615384616 0.03614457831325302
1 0.33293269230769235 0.9939759036144579 0.040865384615384616 0.0072289156626506035
1 0.2980769230769231 0.9771084337349398 0.028846153846153848 0.026506024096385545
