1 0.20192307692307693 0.3710843373493976 0.06730769230769232 0.09156626506024097
1 0.4206730769230769 0.3385542168674699 0.07211538461538462 0.0891566265060241
1 0.8713942307692308 0.3734939759036145 0.11778846153846155 0.10602409638554218
1 0.7439903846153847 0.3807228915662651 0.06971153846153846 0.08674698795180724
1 0.10697115384615385 0.3722891566265061 0.11298076923076923 0.13253012048192772
1 0.9699519230769231 0.3566265060240964 0.05528846153846154 0.10602409638554218
1 0.5336538461538461 0.3698795180722892 0.05288461538461539 0.07951807228915664
1 0.8209134615384616 0.3759036144578314 0.06971153846153846 0.0819277108433735
1 0.5853365384615385 0.383132530120482 0.03605769230769231 0.05783132530120483
1 0.6586538461538461 0.3807228915662651 0.04807692307692308 0.06746987951807229
1 0.625 0.3975903614457832 0.03365384615384616 0.05783132530120483
1 0.421875 0.020481927710843374 0.07451923076923077 0.04096385542168675
1 0.10576923076923078 0.014457831325301207 0.11538461538461539 0.028915662650602414
1 0.96875 0.01566265060240964 0.057692307692307696 0.03132530120481928
