1 0.7307692307692308 0.6298076923076923 0.057692307692307696 0.07211538461538462
1 0.5600961538461539 0.5060096153846154 0.038461538461538464 0.05048076923076923
1 0.6153846153846154 0.4867788461538462 0.038461538461538464 0.04567307692307693
0 0.03125 0.6358173076923077 0.04326923076923077 0.04567307692307693
0 0.12379807692307693 0.6334134615384616 0.04567307692307693 0.05048076923076923
0 0.19471153846153846 0.5841346153846154 0.04326923076923077 0.04326923076923077
0 0.4098557692307693 0.3858173076923077 0.026442307692307696 0.026442307692307696
0 0.375 0.5348557692307693 0.03365384615384616 0.03605769230769231
0 0.828125 0.4759615384615385 0.03605769230769231 0.038461538461538464
0 0.25240384615384615 0.5480769230769231 0.03365384615384616 0.03365384615384616
0 0.21514423076923078 0.53125 0.03605769230769231 0.038461538461538464
0 0.32091346153846156 0.5396634615384616 0.03605769230769231 0.040865384615384616
0 0.2848557692307693 0.5084134615384616 0.040865384615384616 0.03605769230769231
0 0.4242788461538462 0.514423076923077 0.040865384615384616 0.03365384615384616
0 0.3870192307692308 0.484375 0.038461538461538464 0.040865384615384616
0 0.4519230769230769 0.46153846153846156 0.03365384615384616 0.03365384615384616
0 0.5625 0.4278846153846154 0.03365384615384616 0.038461538461538464
0 0.6622596153846154 0.39903846153846156 0.03125 0.03365384615384616
0 0.3401442307692308 0.515625 0.03125 0.040865384615384616
0 0.19951923076923078 0.35697115384615385 0.02403846153846154 0.03125
