1 0.3557692307692308 0.43509615384615385 0.06730769230769232 0.08173076923076923
1 0.8461538461538463 0.4495192307692308 0.11538461538461539 0.1201923076923077
1 0.265625 0.4435096153846154 0.08413461538461539 0.10817307692307693
1 0.07211538461538462 0.41466346153846156 0.10096153846153846 0.10817307692307693
1 0.9387019230769231 0.4242788461538462 0.07932692307692309 0.12259615384615385
1 0.7295673076923077 0.4555288461538462 0.06490384615384616 0.06971153846153846
1 0.6117788461538461 0.4795673076923077 0.05528846153846154 0.05528846153846154
1 0.4254807692307693 0.4278846153846154 0.057692307692307696 0.09134615384615385
1 0.5396634615384616 0.5132211538461539 0.06490384615384616 0.07932692307692309
1 0.4675480769230769 0.4675480769230769 0.040865384615384616 0.06490384615384616
1 0.5552884615384616 0.4182692307692308 0.04326923076923077 0.0625
