1 0.9399038461538463 0.4313253012048193 0.11538461538461539 0.12048192771084339
1 0.8161057692307693 0.44698795180722894 0.08413461538461539 0.08433734939759037
1 0.4519230769230769 0.45783132530120485 0.06730769230769232 0.0819277108433735
1 0.6310096153846154 0.4301204819277109 0.06009615384615385 0.06987951807228916
1 0.3137019230769231 0.46385542168674704 0.04567307692307693 0.06506024096385543
1 0.3713942307692308 0.46506024096385545 0.040865384615384616 0.05783132530120483
1 0.5060096153846154 0.46506024096385545 0.040865384615384616 0.05783132530120483
1 0.5973557692307693 0.4590361445783133 0.03125 0.045783132530120486
1 0.24759615384615385 0.47108433734939764 0.04326923076923077 0.050602409638554224
1 0.17427884615384617 0.455421686746988 0.03605769230769231 0.04819277108433735
1 0.6598557692307693 0.46144578313253015 0.03605769230769231 0.04096385542168675
