1 0.8084337349397591 0.5108433734939759 0.026506024096385545 0.033734939759036145
1 0.7734939759036146 0.5253012048192771 0.024096385542168676 0.028915662650602414
1 0.7012048192771085 0.5156626506024097 0.024096385542168676 0.028915662650602414
1 0.6024096385542169 0.5180722891566265 0.024096385542168676 0.024096385542168676
1 0.5819277108433736 0.5204819277108435 0.016867469879518072 0.024096385542168676
1 0.46746987951807234 0.5156626506024097 0.024096385542168676 0.028915662650602414
1 0.4048192771084338 0.5325301204819277 0.03855421686746988 0.05301204819277109
1 0.3879518072289157 0.5228915662650603 0.028915662650602414 0.04819277108433735
1 0.3686746987951808 0.5108433734939759 0.01927710843373494 0.028915662650602414
1 0.3445783132530121 0.5180722891566265 0.01927710843373494 0.024096385542168676
1 0.8686746987951808 0.5108433734939759 0.026506024096385545 0.033734939759036145
1 0.9012048192771085 0.5253012048192771 0.024096385542168676 0.028915662650602414
1 0.9734939759036145 0.5156626506024097 0.024096385542168676 0.028915662650602414
