1 0.2512019230769231 0.26802884615384615 0.17548076923076925 0.18509615384615385
1 0.6586538461538461 0.22716346153846156 0.0625 0.10336538461538462
1 0.4134615384615385 0.21875 0.057692307692307696 0.07211538461538462
1 0.4795673076923077 0.2199519230769231 0.03605769230769231 0.06009615384615385
1 0.7620192307692308 0.24399038461538464 0.08173076923076923 0.12740384615384617
0 0.3581730769230769 0.2884615384615385 0.07692307692307693 0.125
0 0.43509615384615385 0.3125 0.06730769230769232 0.09615384615384616
0 0.530048076923077 0.22115384615384617 0.03125 0.04326923076923077
0 0.5913461538461539 0.23076923076923078 0.04807692307692308 0.057692307692307696
0 0.8521634615384616 0.265625 0.2091346153846154 0.19471153846153846
1 0.25 0.07932692307692309 0.1778846153846154 0.15865384615384617
1 0.6586538461538461 0.10697115384615385 0.0625 0.10336538461538462
1 0.4134615384615385 0.11298076923076923 0.057692307692307696 0.07211538461538462
1 0.4795673076923077 0.11418269230769232 0.03605769230769231 0.06009615384615385
1 0.7620192307692308 0.09014423076923077 0.08173076923076923 0.12740384615384617
0 0.359375 0.054086538461538464 0.07932692307692309 0.10817307692307693
0 0.4362980769230769 0.03485576923076923 0.06971153846153846 0.06971153846153846
0 0.530048076923077 0.11057692307692309 0.03125 0.04326923076923077
0 0.5913461538461539 0.10096153846153846 0.04807692307692308 0.057692307692307696
0 0.8509615384615385 0.08293269230769232 0.21153846153846156 0.16586538461538464
