0 0.19591346153846154 0.25480769230769235 0.07932692307692309 0.10576923076923078
0 0.4411057692307693 0.3161057692307693 0.06490384615384616 0.08413461538461539
0 0.3557692307692308 0.3004807692307693 0.06730769230769232 0.08653846153846154
0 0.6225961538461539 0.28365384615384615 0.0625 0.08173076923076923
0 0.5709134615384616 0.296875 0.06009615384615385 0.07932692307692309
0 0.24399038461538464 0.31490384615384615 0.06009615384615385 0.08173076923076923
0 0.734375 0.3401442307692308 0.05528846153846154 0.06971153846153846
0 0.1310096153846154 0.30168269230769235 0.06009615384615385 0.06971153846153846
0 0.3894230769230769 0.3269230769230769 0.038461538461538464 0.0625
0 0.19471153846153846 0.025240384615384616 0.08173076923076923 0.05048076923076923
