1 0.4411057692307693 0.36899038461538464 0.11778846153846155 0.14182692307692307
1 0.5985576923076923 0.39543269230769235 0.08173076923076923 0.09855769230769232
1 0.8064903846153847 0.3425480769230769 0.08413461538461539 0.11298076923076923
1 0.08293269230769232 0.4170673076923077 0.09855769230769232 0.11778846153846155
1 0.2043269230769231 0.41105769230769235 0.09134615384615385 0.11538461538461539
1 0.7379807692307693 0.3317307692307693 0.11538461538461539 0.13942307692307693
1 0.530048076923077 0.4122596153846154 0.06490384615384616 0.07451923076923077
1 0.3774038461538462 0.38461538461538464 0.08653846153846154 0.11538461538461539
1 0.9266826923076924 0.2295673076923077 0.14182692307692307 0.12259615384615385
1 0.4399038461538462 0.018028846153846156 0.1201923076923077 0.03605769230769231
1 0.8052884615384616 0.02403846153846154 0.08653846153846154 0.04807692307692308
1 0.7391826923076924 0.03605769230769231 0.11778846153846155 0.07211538461538462
1 0.9266826923076924 0.1045673076923077 0.14182692307692307 0.12259615384615385
