1 0.24278846153846156 0.4036144578313253 0.22596153846153846 0.26746987951807233
1 0.5048076923076923 0.44939759036144583 0.15384615384615385 0.1807228915662651
1 0.6730769230769231 0.33614457831325306 0.028846153846153848 0.03614457831325302
1 0.8389423076923077 0.4132530120481928 0.15384615384615385 0.16626506024096388
1 0.9471153846153847 0.3975903614457832 0.10096153846153846 0.24096385542168677
1 0.24399038461538464 0.07349397590361446 0.22836538461538464 0.14698795180722893
1 0.5060096153846154 0.028915662650602414 0.15625 0.05783132530120483
1 0.6730769230769231 0.08072289156626507 0.028846153846153848 0.03614457831325302
1 0.8401442307692308 0.04337349397590362 0.15625 0.08674698795180724
1 0.9483173076923077 0.06987951807228916 0.10336538461538462 0.13975903614457832
