1 0.8064903846153847 0.33653846153846156 0.07451923076923077 0.07692307692307693
1 0.9459134615384616 0.5048076923076923 0.08413461538461539 0.06730769230769232
1 0.4867788461538462 0.3341346153846154 0.05048076923076923 0.05288461538461539
1 0.4050480769230769 0.42668269230769235 0.06009615384615385 0.05048076923076923
1 0.748798076923077 0.3701923076923077 0.08413461538461539 0.08173076923076923
1 0.9615384615384616 0.4399038461538462 0.0625 0.06730769230769232
1 0.22355769230769232 0.45432692307692313 0.04326923076923077 0.03365384615384616
1 0.17548076923076925 0.4435096153846154 0.038461538461538464 0.040865384615384616
1 0.46875 0.41466346153846156 0.03365384615384616 0.04567307692307693
1 0.7704326923076924 0.42668269230769235 0.05048076923076923 0.06009615384615385
1 0.2668269230769231 0.35336538461538464 0.03365384615384616 0.03365384615384616
1 0.21754807692307693 0.3581730769230769 0.03605769230769231 0.028846153846153848
1 0.12740384615384617 0.4435096153846154 0.038461538461538464 0.03605769230769231
1 0.59375 0.4170673076923077 0.04807692307692308 0.05048076923076923
1 0.24639423076923078 0.4278846153846154 0.03605769230769231 0.03365384615384616
1 0.3076923076923077 0.4122596153846154 0.028846153846153848 0.03125
1 0.8064903846153847 0.10576923076923078 0.07451923076923077 0.07692307692307693
1 0.4867788461538462 0.10817307692307693 0.05048076923076923 0.05288461538461539
1 0.40384615384615385 0.021634615384615384 0.0625 0.04326923076923077
1 0.748798076923077 0.07211538461538462 0.08413461538461539 0.08173076923076923
1 0.9627403846153847 0.019230769230769232 0.06490384615384616 0.038461538461538464
1 0.2247596153846154 0.003605769230769231 0.04567307692307693 0.007211538461538462
1 0.17668269230769232 0.010817307692307692 0.040865384615384616 0.021634615384615384
1 0.46875 0.030048076923076924 0.03365384615384616 0.04567307692307693
1 0.7692307692307693 0.02403846153846154 0.05288461538461539 0.04807692307692308
1 0.2668269230769231 0.0889423076923077 0.03365384615384616 0.03365384615384616
1 0.21754807692307693 0.08413461538461539 0.03605769230769231 0.028846153846153848
1 0.12860576923076925 0.009615384615384616 0.040865384615384616 0.019230769230769232
1 0.59375 0.02764423076923077 0.04807692307692308 0.05048076923076923
1 0.2451923076923077 0.01682692307692308 0.038461538461538464 0.03365384615384616
1 0.3076923076923077 0.03245192307692308 0.028846153846153848 0.03125
