1 0.29927884615384615 0.32891566265060246 0.06009615384615385 0.07951807228915664
1 0.4879807692307693 0.3445783132530121 0.04807692307692308 0.05783132530120483
1 0.7536057692307693 0.3566265060240964 0.040865384615384616 0.05783132530120483
1 0.6201923076923077 0.3445783132530121 0.04807692307692308 0.06265060240963856
1 0.40625 0.3373493975903615 0.04807692307692308 0.05783132530120483
1 0.8245192307692308 0.3795180722891567 0.038461538461538464 0.055421686746987955
1 0.2980769230769231 0.022891566265060243 0.0625 0.045783132530120486
1 0.48918269230769235 0.00963855421686747 0.05048076923076923 0.01927710843373494
1 0.6213942307692308 0.010843373493975905 0.05048076923076923 0.02168674698795181
1 0.4074519230769231 0.013253012048192772 0.05048076923076923 0.026506024096385545
