1 0.8665865384615385 0.28072289156626506 0.08413461538461539 0.09879518072289158
1 0.5673076923076923 0.25060240963855424 0.08173076923076923 0.09156626506024097
1 0.9723557692307693 0.27228915662650605 0.05048076923076923 0.0819277108433735
1 0.8197115384615385 0.28554216867469884 0.057692307692307696 0.07951807228915664
1 0.49278846153846156 0.4228915662650603 0.12980769230769232 0.14216867469879518
1 0.2139423076923077 0.3855421686746988 0.057692307692307696 0.05783132530120483
1 0.71875 0.28554216867469884 0.03365384615384616 0.045783132530120486
1 0.5588942307692308 0.33614457831325306 0.04567307692307693 0.055421686746987955
1 0.8665865384615385 0.054216867469879526 0.08413461538461539 0.09879518072289158
1 0.5673076923076923 0.0819277108433735 0.08173076923076923 0.09156626506024097
1 0.9723557692307693 0.06024096385542169 0.05048076923076923 0.0819277108433735
1 0.8197115384615385 0.04939759036144579 0.057692307692307696 0.07951807228915664
1 0.71875 0.04939759036144579 0.03365384615384616 0.045783132530120486
1 0.5576923076923077 0.013253012048192772 0.04807692307692308 0.026506024096385545
