0 0.33293269230769235 0.4108433734939759 0.04567307692307693 0.06024096385542169
0 0.6262019230769231 0.4072289156626506 0.05048076923076923 0.05783132530120483
0 0.7584134615384616 0.4060240963855422 0.05048076923076923 0.055421686746987955
0 0.21634615384615385 0.41807228915662653 0.05288461538461539 0.045783132530120486
0 0.4278846153846154 0.4156626506024097 0.03365384615384616 0.045783132530120486
0 0.4807692307692308 0.3879518072289157 0.05288461538461539 0.05783132530120483
0 0.5480769230769231 0.3975903614457832 0.038461538461538464 0.04819277108433735
0 0.7115384615384616 0.4096385542168675 0.028846153846153848 0.04337349397590362
0 0.796875 0.4120481927710844 0.026442307692307696 0.04337349397590362
0 0.858173076923077 0.4084337349397591 0.038461538461538464 0.050602409638554224
0 0.9122596153846154 0.42168674698795183 0.05048076923076923 0.06265060240963856
