1 0.8389423076923077 0.29927884615384615 0.07211538461538462 0.09375
1 0.3269230769230769 0.2932692307692308 0.06730769230769232 0.09615384615384616
1 0.18389423076923078 0.28605769230769235 0.06490384615384616 0.08653846153846154
1 0.4759615384615385 0.29927884615384615 0.09134615384615385 0.11778846153846155
1 0.6466346153846154 0.3185096153846154 0.057692307692307696 0.07451923076923077
1 0.7908653846153847 0.3185096153846154 0.05288461538461539 0.06971153846153846
1 0.14543269230769232 0.3161057692307693 0.040865384615384616 0.06009615384615385
1 0.8401442307692308 0.038461538461538464 0.07451923076923077 0.07692307692307693
1 0.328125 0.042067307692307696 0.06971153846153846 0.08413461538461539
1 0.1826923076923077 0.04326923076923077 0.06730769230769232 0.08653846153846154
1 0.47716346153846156 0.04447115384615385 0.09375 0.0889423076923077
1 0.6478365384615385 0.02403846153846154 0.06009615384615385 0.04807692307692308
1 0.7920673076923077 0.022836538461538464 0.05528846153846154 0.04567307692307693
1 0.14423076923076925 0.021634615384615384 0.04326923076923077 0.04326923076923077
