1 0.04326923076923077 0.3903614457831326 0.038461538461538464 0.03855421686746988
1 0.2644230769230769 0.4 0.038461538461538464 0.04337349397590362
1 0.84375 0.3493975903614458 0.0625 0.0819277108433735
1 0.9867788461538463 0.3457831325301205 0.021634615384615384 0.09397590361445785
1 0.6911057692307693 0.3771084337349398 0.05048076923076923 0.0746987951807229
1 0.7319711538461539 0.3686746987951808 0.04567307692307693 0.06746987951807229
1 0.5889423076923077 0.3710843373493976 0.05288461538461539 0.07710843373493977
1 0.6310096153846154 0.3686746987951808 0.03605769230769231 0.06265060240963856
1 0.49278846153846156 0.3807228915662651 0.04807692307692308 0.06265060240963856
1 0.3197115384615385 0.4048192771084338 0.02403846153846154 0.03855421686746988
1 0.3509615384615385 0.4240963855421687 0.03365384615384616 0.04337349397590362
1 0.3545673076923077 0.3807228915662651 0.03125 0.04337349397590362
1 0.3918269230769231 0.4108433734939759 0.038461538461538464 0.050602409638554224
1 0.43870192307692313 0.3807228915662651 0.05048076923076923 0.06265060240963856
1 0.5336538461538461 0.3783132530120482 0.03365384615384616 0.05783132530120483
1 0.8449519230769231 0.013253012048192772 0.06490384615384616 0.026506024096385545
1 0.9855769230769231 0.01807228915662651 0.02403846153846154 0.03614457831325302
