1 0.8389423076923077 0.3385542168674699 0.09134615384615385 0.10843373493975905
0 0.7620192307692308 0.3421686746987952 0.06730769230769232 0.0819277108433735
0 0.49278846153846156 0.3614457831325302 0.057692307692307696 0.07228915662650603
0 0.578125 0.3710843373493976 0.04567307692307693 0.06746987951807229
0 0.13221153846153846 0.3843373493975904 0.08653846153846154 0.0891566265060241
1 0.2536057692307692 0.3867469879518073 0.07451923076923077 0.08433734939759037
0 0.4519230769230769 0.3734939759036145 0.03365384615384616 0.05301204819277109
0 0.7199519230769231 0.3662650602409639 0.040865384615384616 0.05783132530120483
1 0.8401442307692308 0.025301204819277112 0.09375 0.050602409638554224
0 0.7632211538461539 0.016867469879518072 0.06971153846153846 0.033734939759036145
