1 0.4242788461538462 0.28433734939759037 0.11298076923076923 0.11566265060240966
1 0.5024038461538461 0.31566265060240967 0.15384615384615385 0.14457831325301207
1 0.9579326923076924 0.31566265060240967 0.06009615384615385 0.06746987951807229
1 0.748798076923077 0.30843373493975906 0.06490384615384616 0.06746987951807229
1 0.8533653846153847 0.4 0.057692307692307696 0.06265060240963856
1 0.703125 0.35060240963855427 0.07451923076923077 0.07951807228915664
0 0.75 0.2024096385542169 0.04807692307692308 0.06265060240963856
0 0.639423076923077 0.21807228915662652 0.04326923076923077 0.055421686746987955
0 0.5709134615384616 0.21566265060240966 0.06009615384615385 0.06024096385542169
0 0.296875 0.28795180722891567 0.05048076923076923 0.06024096385542169
0 0.33293269230769235 0.21445783132530122 0.05528846153846154 0.06265060240963856
0 0.4903846153846154 0.21566265060240966 0.05288461538461539 0.06024096385542169
0 0.1887019230769231 0.20120481927710845 0.040865384615384616 0.055421686746987955
