1 0.951923076923077 0.2355769230769231 0.06730769230769232 0.08173076923076923
1 0.6274038461538461 0.7560096153846154 0.13461538461538464 0.14182692307692307
1 0.670673076923077 0.24399038461538464 0.08173076923076923 0.11298076923076923
1 0.8713942307692308 0.2451923076923077 0.06971153846153846 0.07692307692307693
1 0.4723557692307693 0.3040865384615385 0.09855769230769232 0.11778846153846155
1 0.8918269230769231 0.359375 0.09134615384615385 0.09375
1 0.7512019230769231 0.3978365384615385 0.09855769230769232 0.11778846153846155
1 0.03125 0.38461538461538464 0.057692307692307696 0.12980769230769232
1 0.2728365384615385 0.20192307692307693 0.05048076923076923 0.057692307692307696
1 0.21754807692307693 0.234375 0.05048076923076923 0.06971153846153846
1 0.951923076923077 0.09615384615384616 0.06730769230769232 0.08173076923076923
1 0.6274038461538461 0.905048076923077 0.13461538461538464 0.14182692307692307
1 0.670673076923077 0.09014423076923077 0.08173076923076923 0.11298076923076923
1 0.8713942307692308 0.08653846153846154 0.06971153846153846 0.07692307692307693
1 0.4711538461538462 0.04447115384615385 0.10096153846153846 0.0889423076923077
1 0.8930288461538463 0.010817307692307692 0.09375 0.021634615384615384
1 0.2728365384615385 0.12980769230769232 0.05048076923076923 0.057692307692307696
1 0.21754807692307693 0.09975961538461539 0.05048076923076923 0.06971153846153846
