1 0.6995192307692308 0.3762019230769231 0.11057692307692309 0.14182692307692307
1 0.8497596153846154 0.3317307692307693 0.09375 0.125
1 0.578125 0.37980769230769235 0.08413461538461539 0.11538461538461539
1 0.4711538461538462 0.4206730769230769 0.12980769230769232 0.16346153846153846
1 0.53125 0.3088942307692308 0.07692307692307693 0.0889423076923077
1 0.21274038461538464 0.40384615384615385 0.10817307692307693 0.15384615384615385
1 0.9447115384615385 0.26802884615384615 0.10096153846153846 0.17548076923076925
0 0.13942307692307693 0.3629807692307693 0.057692307692307696 0.07211538461538462
0 0.021634615384615384 0.36778846153846156 0.04326923076923077 0.08173076923076923
1 0.9459134615384616 0.03605769230769231 0.10336538461538462 0.07211538461538462
