1 0.4831730769230769 0.3734939759036145 0.05288461538461539 0.05783132530120483
0 0.8641826923076924 0.3421686746987952 0.05048076923076923 0.06265060240963856
0 0.328125 0.3481927710843374 0.05048076923076923 0.055421686746987955
0 0.23317307692307693 0.3698795180722892 0.038461538461538464 0.04096385542168675
0 0.2644230769230769 0.3771084337349398 0.028846153846153848 0.04096385542168675
0 0.6790865384615385 0.3493975903614458 0.04567307692307693 0.05301204819277109
0 0.811298076923077 0.3409638554216868 0.040865384615384616 0.045783132530120486
0 0.4567307692307693 0.3590361445783133 0.03365384615384616 0.05783132530120483
0 0.546875 0.3759036144578314 0.03125 0.04337349397590362
0 0.703125 0.3566265060240964 0.03125 0.04337349397590362
0 0.9086538461538463 0.3493975903614458 0.038461538461538464 0.05301204819277109
0 0.8629807692307693 0.012048192771084338 0.05288461538461539 0.024096385542168676
0 0.3269230769230769 0.0072289156626506035 0.05288461538461539 0.014457831325301207
0 0.6778846153846154 0.006024096385542169 0.04807692307692308 0.012048192771084338
0 0.8100961538461539 0.008433734939759036 0.04326923076923077 0.016867469879518072
0 0.9098557692307693 0.006024096385542169 0.040865384615384616 0.012048192771084338
