1 0.030048076923076924 0.19110576923076925 0.05528846153846154 0.09855769230769232
1 0.1778846153846154 0.24278846153846156 0.07692307692307693 0.11057692307692309
1 0.2536057692307692 0.19951923076923078 0.09855769230769232 0.13942307692307693
1 0.32091346153846156 0.21514423076923078 0.04567307692307693 0.05528846153846154
1 0.4170673076923077 0.203125 0.03125 0.04567307692307693
1 0.4639423076923077 0.22235576923076925 0.0625 0.09855769230769232
1 0.5060096153846154 0.20552884615384617 0.040865384615384616 0.06490384615384616
1 0.6778846153846154 0.22836538461538464 0.08173076923076923 0.10576923076923078
1 0.8521634615384616 0.19711538461538464 0.19951923076923078 0.2644230769230769
1 0.953125 0.24278846153846156 0.07451923076923077 0.11057692307692309
1 0.8509615384615385 0.026442307692307696 0.20192307692307693 0.05288461538461539
