1 0.1778846153846154 0.30843373493975906 0.17307692307692307 0.17349397590361448
1 0.734375 0.3614457831325302 0.1466346153846154 0.163855421686747
1 0.6069711538461539 0.3975903614457832 0.11298076923076923 0.13012048192771086
1 0.3040865384615385 0.31445783132530125 0.11778846153846155 0.14216867469879518
1 0.09134615384615385 0.327710843373494 0.057692307692307696 0.07228915662650603
1 0.703125 0.3024096385542169 0.11778846153846155 0.10361445783132531
1 0.9627403846153847 0.33614457831325306 0.06971153846153846 0.22891566265060243
1 0.1778846153846154 0.13012048192771086 0.17307692307692307 0.17349397590361448
1 0.733173076923077 0.08072289156626507 0.14903846153846154 0.16144578313253014
1 0.6057692307692308 0.054216867469879526 0.11538461538461539 0.10843373493975905
1 0.3040865384615385 0.12650602409638556 0.11778846153846155 0.14216867469879518
1 0.09134615384615385 0.11084337349397591 0.057692307692307696 0.07228915662650603
1 0.703125 0.13855421686746988 0.11778846153846155 0.10361445783132531
1 0.9615384615384616 0.10963855421686748 0.07211538461538462 0.21927710843373496
