1 0.5120192307692308 0.24399038461538464 0.08173076923076923 0.10336538461538462
1 0.1778846153846154 0.5733173076923077 0.13461538461538464 0.14182692307692307
1 0.6466346153846154 0.5985576923076923 0.12980769230769232 0.14423076923076925
1 0.873798076923077 0.2728365384615385 0.08413461538461539 0.09375
1 0.8545673076923077 0.5180288461538461 0.11778846153846155 0.12259615384615385
1 0.9567307692307693 0.25 0.07211538461538462 0.09134615384615385
1 0.453125 0.2956730769230769 0.07932692307692309 0.10096153846153846
1 0.03485576923076923 0.30168269230769235 0.06490384615384616 0.14182692307692307
1 0.8209134615384616 0.33293269230769235 0.09855769230769232 0.12740384615384617
1 0.3317307692307693 0.234375 0.09134615384615385 0.11298076923076923
1 0.11177884615384616 0.4074519230769231 0.10817307692307693 0.13221153846153846
1 0.7091346153846154 0.28125 0.09134615384615385 0.08173076923076923
1 0.18389423076923078 0.29086538461538464 0.10336538461538462 0.13942307692307693
1 0.826923076923077 0.22596153846153846 0.10096153846153846 0.09615384615384616
1 0.7391826923076924 0.6009615384615385 0.10336538461538462 0.11538461538461539
1 0.32091346153846156 0.3894230769230769 0.11778846153846155 0.13942307692307693
1 0.5012019230769231 0.3557692307692308 0.09375 0.125
1 0.71875 0.3629807692307693 0.10576923076923078 0.14903846153846154
1 0.5588942307692308 0.4014423076923077 0.09855769230769232 0.09615384615384616
1 0.8161057692307693 0.4867788461538462 0.11778846153846155 0.13221153846153846
0 0.5408653846153847 0.7259615384615385 0.125 0.13942307692307693
0 0.16466346153846154 0.7367788461538461 0.11778846153846155 0.12740384615384617
0 0.9567307692307693 0.5432692307692308 0.07692307692307693 0.15384615384615385
0 0.04807692307692308 0.6454326923076923 0.08653846153846154 0.12740384615384617
1 0.5120192307692308 0.109375 0.08173076923076923 0.10336538461538462
1 0.873798076923077 0.08052884615384616 0.08413461538461539 0.09375
1 0.9567307692307693 0.10096153846153846 0.07211538461538462 0.09134615384615385
1 0.453125 0.05528846153846154 0.07932692307692309 0.10096153846153846
1 0.03365384615384616 0.06129807692307693 0.06730769230769232 0.12259615384615385
1 0.8197115384615385 0.042067307692307696 0.10096153846153846 0.08413461538461539
1 0.3317307692307693 0.11899038461538462 0.09134615384615385 0.11298076923076923
1 0.7091346153846154 0.06971153846153846 0.09134615384615385 0.08173076923076923
1 0.1826923076923077 0.06610576923076923 0.10576923076923078 0.13221153846153846
1 0.826923076923077 0.125 0.10096153846153846 0.09615384615384616
1 0.3197115384615385 0.01682692307692308 0.1201923076923077 0.03365384615384616
1 0.5 0.030048076923076924 0.09615384615384616 0.06009615384615385
1 0.7199519230769231 0.03245192307692308 0.10817307692307693 0.06490384615384616
0 0.5408653846153847 0.9158653846153847 0.125 0.13942307692307693
0 0.16466346153846154 0.9074519230769231 0.11778846153846155 0.12740384615384617
0 0.04927884615384616 0.9651442307692308 0.0889423076923077 0.06490384615384616
