0 0.921875 0.3918269230769231 0.08413461538461539 0.10096153846153846
0 0.7151442307692308 0.40024038461538464 0.07932692307692309 0.09855769230769232
0 0.23918269230769232 0.484375 0.10336538461538462 0.11778846153846155
0 0.5901442307692308 0.4050480769230769 0.07451923076923077 0.10817307692307693
0 0.14543269230769232 0.3942307692307693 0.13701923076923078 0.20192307692307693
0 0.4411057692307693 0.4122596153846154 0.09375 0.11298076923076923
0 0.3341346153846154 0.4915865384615385 0.10576923076923078 0.12740384615384617
0 0.545673076923077 0.41105769230769235 0.04807692307692308 0.08173076923076923
0 0.05168269230769231 0.40384615384615385 0.09375 0.21634615384615385
0 0.6610576923076923 0.4483173076923077 0.04326923076923077 0.06490384615384616
0 0.8161057692307693 0.4447115384615385 0.026442307692307696 0.03365384615384616
0 0.920673076923077 0.010817307692307692 0.08653846153846154 0.021634615384615384
0 0.14423076923076925 0.03485576923076923 0.13942307692307693 0.06971153846153846
0 0.05048076923076923 0.03365384615384616 0.09615384615384616 0.06730769230769232
