1 0.7295673076923077 0.4048192771084338 0.05048076923076923 0.04819277108433735
1 0.15384615384615385 0.5325301204819277 0.04807692307692308 0.04819277108433735
1 0.6502403846153847 0.42891566265060244 0.03605769230769231 0.05301204819277109
1 0.7632211538461539 0.4240963855421687 0.03605769230769231 0.05301204819277109
1 0.9122596153846154 0.3530120481927711 0.04567307692307693 0.045783132530120486
1 0.7295673076923077 0.16867469879518074 0.05048076923076923 0.04819277108433735
1 0.15384615384615385 0.04096385542168675 0.04807692307692308 0.04819277108433735
1 0.15384615384615385 0.8963855421686748 0.04807692307692308 0.04819277108433735
1 0.6502403846153847 0.14457831325301207 0.03605769230769231 0.05301204819277109
1 0.6490384615384616 0.9855421686746989 0.038461538461538464 0.024096385542168676
1 0.7632211538461539 0.1493975903614458 0.03605769230769231 0.05301204819277109
1 0.7620192307692308 0.9879518072289157 0.038461538461538464 0.01927710843373494
1 0.9122596153846154 0.22289156626506026 0.04567307692307693 0.045783132530120486
