1 0.545673076923077 0.5204819277108435 0.07211538461538462 0.0819277108433735
1 0.15384615384615385 0.48313253012048196 0.07211538461538462 0.07951807228915664
1 0.5228365384615384 0.4626506024096386 0.040865384615384616 0.03855421686746988
1 0.7439903846153847 0.46987951807228917 0.040865384615384616 0.03855421686746988
0 0.3389423076923077 0.49277108433734945 0.0625 0.055421686746987955
0 0.3942307692307693 0.4626506024096386 0.057692307692307696 0.05301204819277109
0 0.4651442307692308 0.47108433734939764 0.05048076923076923 0.045783132530120486
0 0.6430288461538461 0.47831325301204825 0.06009615384615385 0.06024096385542169
0 0.6802884615384616 0.5024096385542169 0.04326923076923077 0.06024096385542169
1 0.7079326923076924 0.4385542168674699 0.03605769230769231 0.033734939759036145
0 0.6069711538461539 0.4265060240963856 0.026442307692307696 0.033734939759036145
0 0.6466346153846154 0.4156626506024097 0.028846153846153848 0.03614457831325302
0 0.6730769230769231 0.4204819277108434 0.02403846153846154 0.03132530120481928
0 0.5384615384615385 0.4373493975903615 0.028846153846153848 0.03132530120481928
