1 0.9591346153846154 0.4326923076923077 0.07211538461538462 0.06730769230769232
1 0.22596153846153846 0.265625 0.07211538461538462 0.07932692307692309
1 0.22836538461538464 0.34134615384615385 0.07211538461538462 0.06730769230769232
1 0.109375 0.3713942307692308 0.06490384615384616 0.06490384615384616
1 0.4254807692307693 0.3125 0.04807692307692308 0.0625
1 0.6670673076923077 0.5012019230769231 0.05528846153846154 0.06009615384615385
1 0.7764423076923077 0.46153846153846156 0.057692307692307696 0.057692307692307696
1 0.8617788461538463 0.3786057692307693 0.06971153846153846 0.06490384615384616
0 0.19951923076923078 0.17067307692307693 0.04807692307692308 0.05288461538461539
0 0.29447115384615385 0.17548076923076925 0.040865384615384616 0.04807692307692308
0 0.19951923076923078 0.040865384615384616 0.04807692307692308 0.05288461538461539
0 0.29447115384615385 0.03605769230769231 0.040865384615384616 0.04807692307692308
