1 0.826923076923077 0.30843373493975906 0.15865384615384617 0.19759036144578315
1 0.5877403846153847 0.363855421686747 0.12740384615384617 0.1879518072289157
1 0.27524038461538464 0.3409638554216868 0.14182692307692307 0.2
1 0.4290865384615385 0.391566265060241 0.10336538461538462 0.13734939759036147
1 0.6514423076923077 0.4048192771084338 0.057692307692307696 0.11084337349397591
1 0.12980769230769232 0.3686746987951808 0.08173076923076923 0.14457831325301207
0 0.5084134615384616 0.3987951807228916 0.05528846153846154 0.09397590361445785
1 0.19951923076923078 0.34698795180722897 0.05288461538461539 0.163855421686747
1 0.828125 0.06265060240963856 0.16105769230769232 0.12530120481927712
1 0.5865384615384616 0.032530120481927716 0.12980769230769232 0.06506024096385543
1 0.27403846153846156 0.04698795180722892 0.14423076923076925 0.09397590361445785
1 0.1310096153846154 0.01927710843373494 0.08413461538461539 0.03855421686746988
1 0.20072115384615385 0.03493975903614458 0.05528846153846154 0.06987951807228916
