1 0.9338942307692308 0.3566265060240964 0.12740384615384617 0.2313253012048193
1 0.6826923076923077 0.3927710843373494 0.10096153846153846 0.11566265060240966
1 0.59375 0.4120481927710844 0.07692307692307693 0.0819277108433735
1 0.5 0.3939759036144579 0.0625 0.08433734939759037
0 0.11418269230769232 0.4120481927710844 0.12259615384615385 0.13012048192771086
0 0.30528846153846156 0.3686746987951808 0.09615384615384616 0.10120481927710845
0 0.3629807692307693 0.4337349397590362 0.057692307692307696 0.07710843373493977
0 0.4411057692307693 0.43253012048192774 0.040865384615384616 0.06024096385542169
0 0.042067307692307696 0.48674698795180726 0.05048076923076923 0.06746987951807229
1 0.9326923076923077 0.04698795180722892 0.12980769230769232 0.09397590361445785
