1 0.11899038461538462 0.6795180722891567 0.06009615384615385 0.04337349397590362
1 0.2668269230769231 0.6180722891566266 0.057692307692307696 0.06987951807228916
1 0.6790865384615385 0.6132530120481928 0.04567307692307693 0.045783132530120486
1 0.9759615384615385 0.6048192771084338 0.04326923076923077 0.07228915662650603
1 0.28365384615384615 0.27469879518072293 0.04326923076923077 0.05301204819277109
1 0.5 0.28072289156626506 0.038461538461538464 0.04096385542168675
1 0.5685096153846154 0.31807228915662655 0.03605769230769231 0.04337349397590362
1 0.7199519230769231 0.419277108433735 0.026442307692307696 0.028915662650602414
1 0.6682692307692308 0.4626506024096386 0.028846153846153848 0.033734939759036145
0 0.4050480769230769 0.2 0.05528846153846154 0.05783132530120483
1 0.11778846153846155 0.983132530120482 0.0625 0.028915662650602414
1 0.28365384615384615 0.05783132530120483 0.04326923076923077 0.05301204819277109
1 0.5 0.054216867469879526 0.038461538461538464 0.04096385542168675
1 0.5673076923076923 0.01927710843373494 0.038461538461538464 0.03855421686746988
0 0.4050480769230769 0.13253012048192772 0.05528846153846154 0.05783132530120483
