0 0.18028846153846154 0.4734939759036145 0.06730769230769232 0.06506024096385543
0 0.265625 0.43614457831325304 0.04567307692307693 0.06265060240963856
0 0.32572115384615385 0.43614457831325304 0.03605769230769231 0.05301204819277109
0 0.2980769230769231 0.43975903614457834 0.028846153846153848 0.055421686746987955
0 0.3918269230769231 0.4337349397590362 0.038461538461538464 0.05783132530120483
1 0.5276442307692308 0.4301204819277109 0.04567307692307693 0.055421686746987955
1 0.5709134615384616 0.4301204819277109 0.026442307692307696 0.045783132530120486
0 0.6454326923076923 0.4337349397590362 0.03605769230769231 0.05301204819277109
0 0.5865384615384616 0.4337349397590362 0.03365384615384616 0.04337349397590362
0 0.4567307692307693 0.4240963855421687 0.03365384615384616 0.04819277108433735
0 0.6670673076923077 0.42168674698795183 0.03125 0.04819277108433735
