1 0.7548076923076924 0.40024038461538464 0.07692307692307693 0.0889423076923077
1 0.18028846153846154 0.3425480769230769 0.09615384615384616 0.10336538461538462
1 0.3473557692307693 0.3665865384615385 0.07932692307692309 0.10336538461538462
1 0.5877403846153847 0.3822115384615385 0.08413461538461539 0.10576923076923078
1 0.08052884615384616 0.3293269230769231 0.07932692307692309 0.09615384615384616
1 0.7560096153846154 0.022836538461538464 0.07932692307692309 0.04567307692307693
1 0.18028846153846154 0.058894230769230775 0.09615384615384616 0.10336538461538462
1 0.34615384615384615 0.04326923076923077 0.08173076923076923 0.08653846153846154
1 0.5865384615384616 0.03605769230769231 0.08653846153846154 0.07211538461538462
1 0.08052884615384616 0.06971153846153846 0.07932692307692309 0.09615384615384616
