0 0.23677884615384617 0.3771084337349398 0.07451923076923077 0.10843373493975905
0 0.39543269230769235 0.3879518072289157 0.09375 0.11084337349397591
0 0.9122596153846154 0.3795180722891567 0.12740384615384617 0.1566265060240964
0 0.6418269230769231 0.41445783132530123 0.057692307692307696 0.07710843373493977
0 0.5673076923076923 0.3746987951807229 0.10096153846153846 0.11807228915662651
0 0.7560096153846154 0.3903614457831326 0.09375 0.13012048192771086
0 0.96875 0.3421686746987952 0.05288461538461539 0.15903614457831328
0 0.11658653846153846 0.4337349397590362 0.04567307692307693 0.05783132530120483
0 0.48918269230769235 0.43253012048192774 0.040865384615384616 0.050602409638554224
0 0.8161057692307693 0.43253012048192774 0.05528846153846154 0.0746987951807229
0 0.31490384615384615 0.43614457831325304 0.038461538461538464 0.05301204819277109
0 0.9110576923076924 0.016867469879518072 0.12980769230769232 0.033734939759036145
0 0.9699519230769231 0.03614457831325302 0.05528846153846154 0.07228915662650603
