1 0.8076923076923077 0.3939759036144579 0.07211538461538462 0.09397590361445785
0 0.1983173076923077 0.32530120481927716 0.06971153846153846 0.0819277108433735
0 0.39543269230769235 0.3891566265060241 0.05528846153846154 0.06987951807228916
0 0.9771634615384616 0.46746987951807234 0.040865384615384616 0.07228915662650603
0 0.5024038461538461 0.4228915662650603 0.05288461538461539 0.06987951807228916
0 0.6117788461538461 0.4060240963855422 0.05528846153846154 0.06506024096385543
0 0.6478365384615385 0.427710843373494 0.040865384615384616 0.06506024096385543
0 0.9002403846153847 0.4626506024096386 0.03605769230769231 0.05783132530120483
0 0.5240384615384616 0.4421686746987952 0.028846153846153848 0.045783132530120486
0 0.19711538461538464 0.025301204819277112 0.07211538461538462 0.050602409638554224
