1 0.11418269230769232 0.32891566265060246 0.03125 0.045783132530120486
1 0.296875 0.46746987951807234 0.03125 0.03855421686746988
1 0.4338942307692308 0.3421686746987952 0.021634615384615384 0.04337349397590362
1 0.8317307692307693 0.43614457831325304 0.03365384615384616 0.033734939759036145
1 0.6514423076923077 0.4879518072289157 0.03365384615384616 0.03614457831325302
1 0.576923076923077 0.3807228915662651 0.03365384615384616 0.033734939759036145
1 0.4591346153846154 0.4012048192771085 0.03365384615384616 0.026506024096385545
1 0.49278846153846156 0.363855421686747 0.03365384615384616 0.028915662650602414
1 0.4951923076923077 0.3927710843373494 0.03365384615384616 0.03855421686746988
1 0.6574519230769231 0.6927710843373495 0.026442307692307696 0.045783132530120486
1 0.11298076923076923 0.004819277108433735 0.03365384615384616 0.00963855421686747
1 0.65625 0.9843373493975904 0.028846153846153848 0.026506024096385545
