1 0.1045673076923077 0.30120481927710846 0.09375 0.11566265060240966
1 0.48557692307692313 0.3578313253012049 0.04807692307692308 0.06987951807228916
1 0.7692307692307693 0.3240963855421687 0.057692307692307696 0.06987951807228916
1 0.3701923076923077 0.3457831325301205 0.057692307692307696 0.06987951807228916
1 0.6009615384615385 0.35060240963855427 0.04807692307692308 0.06024096385542169
1 0.6935096153846154 0.3566265060240964 0.040865384615384616 0.05783132530120483
1 0.10336538461538462 0.045783132530120486 0.09615384615384616 0.09156626506024097
1 0.7704326923076924 0.022891566265060243 0.06009615384615385 0.045783132530120486
1 0.3713942307692308 0.012048192771084338 0.06009615384615385 0.024096385542168676
1 0.6021634615384616 0.0072289156626506035 0.05048076923076923 0.014457831325301207
