0 0.08173076923076923 0.5096385542168675 0.08173076923076923 0.0891566265060241
0 0.17307692307692307 0.5204819277108435 0.08173076923076923 0.0819277108433735
0 0.34375 0.5638554216867471 0.10096153846153846 0.11084337349397591
0 0.7259615384615385 0.5698795180722892 0.11538461538461539 0.11807228915662651
0 0.8713942307692308 0.49277108433734945 0.05528846153846154 0.06024096385542169
0 0.9242788461538463 0.46987951807228917 0.05528846153846154 0.06746987951807229
0 0.1983173076923077 0.4481927710843374 0.05528846153846154 0.05301204819277109
0 0.8209134615384616 0.5012048192771085 0.06490384615384616 0.07710843373493977
0 0.03365384615384616 0.48554216867469885 0.057692307692307696 0.06987951807228916
0 0.3161057692307693 0.44698795180722894 0.04567307692307693 0.06024096385542169
0 0.4074519230769231 0.4421686746987952 0.04567307692307693 0.050602409638554224
0 0.48197115384615385 0.4349397590361446 0.03125 0.04096385542168675
0 0.5 0.4168674698795181 0.02403846153846154 0.033734939759036145
0 0.5444711538461539 0.43253012048192774 0.03125 0.045783132530120486
0 0.6802884615384616 0.4265060240963856 0.03365384615384616 0.03855421686746988
0 0.8209134615384616 0.44578313253012053 0.03605769230769231 0.033734939759036145
0 0.7632211538461539 0.4349397590361446 0.04567307692307693 0.045783132530120486
