1 0.4362980769230769 0.3734939759036145 0.1466346153846154 0.163855421686747
1 0.07692307692307693 0.3373493975903615 0.15384615384615385 0.2313253012048193
1 0.75 0.3421686746987952 0.12980769230769232 0.13975903614457832
1 0.18629807692307693 0.35421686746987957 0.06009615384615385 0.07228915662650603
0 0.29927884615384615 0.3626506024096386 0.10336538461538462 0.11807228915662651
1 0.43509615384615385 0.0746987951807229 0.14903846153846154 0.1493975903614458
1 0.078125 0.10963855421686748 0.15625 0.21927710843373496
1 0.75 0.0963855421686747 0.12980769230769232 0.13975903614457832
1 0.18629807692307693 0.08433734939759037 0.06009615384615385 0.07228915662650603
0 0.29927884615384615 0.0783132530120482 0.10336538461538462 0.11807228915662651
