1 0.04447115384615385 0.4072289156626506 0.06971153846153846 0.0819277108433735
1 0.6009615384615385 0.4048192771084338 0.057692307692307696 0.0819277108433735
1 0.8485576923076924 0.3132530120481928 0.14423076923076925 0.1783132530120482
1 0.28125 0.4120481927710844 0.057692307692307696 0.07228915662650603
1 0.09735576923076923 0.4240963855421687 0.05048076923076923 0.06265060240963856
1 0.14302884615384617 0.419277108433735 0.04567307692307693 0.06265060240963856
1 0.4807692307692308 0.4301204819277109 0.05288461538461539 0.06506024096385543
1 0.3762019230769231 0.42891566265060244 0.04567307692307693 0.06265060240963856
1 0.23197115384615385 0.4337349397590362 0.040865384615384616 0.05301204819277109
1 0.546875 0.44337349397590364 0.03605769230769231 0.04337349397590362
1 0.6670673076923077 0.43614457831325304 0.040865384615384616 0.05783132530120483
1 0.8497596153846154 0.055421686746987955 0.1466346153846154 0.11084337349397591
