0 0.47716346153846156 0.44698795180722894 0.03605769230769231 0.050602409638554224
0 0.08293269230769232 0.4301204819277109 0.05528846153846154 0.06024096385542169
0 0.21875 0.44337349397590364 0.04807692307692308 0.05783132530120483
0 0.19110576923076925 0.43614457831325304 0.03125 0.04337349397590362
0 0.2824519230769231 0.43253012048192774 0.040865384615384616 0.055421686746987955
0 0.3076923076923077 0.4518072289156627 0.038461538461538464 0.045783132530120486
0 0.3545673076923077 0.4590361445783133 0.040865384615384616 0.055421686746987955
0 0.3918269230769231 0.46024096385542174 0.03365384615384616 0.04819277108433735
0 0.6526442307692308 0.44578313253012053 0.05528846153846154 0.05783132530120483
0 0.9567307692307693 0.46144578313253015 0.03365384615384616 0.045783132530120486
0 0.9338942307692308 0.46626506024096387 0.026442307692307696 0.04096385542168675
0 0.8257211538461539 0.47108433734939764 0.04567307692307693 0.050602409638554224
0 0.7319711538461539 0.45421686746987955 0.040865384615384616 0.050602409638554224
