1 0.07211538461538462 0.3481927710843374 0.057692307692307696 0.06506024096385543
0 0.3137019230769231 0.3481927710843374 0.07451923076923077 0.07951807228915664
0 0.47836538461538464 0.3674698795180723 0.07211538461538462 0.0746987951807229
0 0.8076923076923077 0.3698795180722892 0.057692307692307696 0.08433734939759037
0 0.6262019230769231 0.3626506024096386 0.05048076923076923 0.06987951807228916
1 0.5408653846153847 0.355421686746988 0.02403846153846154 0.04096385542168675
1 0.375 0.3530120481927711 0.03365384615384616 0.050602409638554224
1 0.5733173076923077 0.3578313253012049 0.03125 0.050602409638554224
1 0.7548076923076924 0.3662650602409639 0.028846153846153848 0.04337349397590362
0 0.9002403846153847 0.3722891566265061 0.03605769230769231 0.050602409638554224
0 0.13341346153846154 0.3530120481927711 0.040865384615384616 0.045783132530120486
0 0.019230769230769232 0.3578313253012049 0.03365384615384616 0.045783132530120486
0 0.17067307692307693 0.3493975903614458 0.02403846153846154 0.033734939759036145
1 0.07211538461538462 0.0927710843373494 0.057692307692307696 0.06506024096385543
0 0.3137019230769231 0.0927710843373494 0.07451923076923077 0.07951807228915664
0 0.47836538461538464 0.07349397590361446 0.07211538461538462 0.0746987951807229
0 0.8076923076923077 0.07108433734939759 0.057692307692307696 0.08433734939759037
0 0.6262019230769231 0.0783132530120482 0.05048076923076923 0.06987951807228916
1 0.5408653846153847 0.0855421686746988 0.02403846153846154 0.04096385542168675
1 0.375 0.08795180722891567 0.03365384615384616 0.050602409638554224
1 0.5733173076923077 0.08313253012048194 0.03125 0.050602409638554224
1 0.7548076923076924 0.07228915662650603 0.028846153846153848 0.04337349397590362
0 0.9002403846153847 0.06867469879518073 0.03605769230769231 0.050602409638554224
0 0.13341346153846154 0.08795180722891567 0.040865384615384616 0.045783132530120486
0 0.019230769230769232 0.08313253012048194 0.03365384615384616 0.045783132530120486
0 0.17067307692307693 0.0891566265060241 0.02403846153846154 0.033734939759036145
