0 0.625 0.29156626506024097 0.15865384615384617 0.17349397590361448
0 0.5108173076923077 0.3686746987951808 0.11778846153846155 0.15903614457831328
0 0.3076923076923077 0.4060240963855422 0.0625 0.0746987951807229
0 0.40024038461538464 0.3746987951807229 0.11298076923076923 0.14216867469879518
0 0.8990384615384616 0.3698795180722892 0.08173076923076923 0.11325301204819278
0 0.4555288461538462 0.3710843373493976 0.11778846153846155 0.14457831325301207
0 0.9579326923076924 0.25421686746987954 0.07932692307692309 0.1710843373493976
0 0.6262019230769231 0.06506024096385543 0.16105769230769232 0.13012048192771086
0 0.5096153846153847 0.022891566265060243 0.1201923076923077 0.045783132530120486
0 0.39903846153846156 0.01566265060240964 0.11538461538461539 0.03132530120481928
0 0.45432692307692313 0.01807228915662651 0.1201923076923077 0.03614457831325302
0 0.9567307692307693 0.08313253012048194 0.08173076923076923 0.16626506024096388
