1 0.22115384615384617 0.6466346153846154 0.07211538461538462 0.07692307692307693
1 0.22115384615384617 0.5444711538461539 0.057692307692307696 0.06490384615384616
1 0.2920673076923077 0.3822115384615385 0.03125 0.05288461538461539
1 0.34855769230769235 0.6105769230769231 0.04807692307692308 0.05288461538461539
1 0.48197115384615385 0.5276442307692308 0.040865384615384616 0.04567307692307693
1 0.5024038461538461 0.5012019230769231 0.04326923076923077 0.04567307692307693
1 0.5588942307692308 0.5384615384615385 0.05048076923076923 0.04326923076923077
1 0.9254807692307693 0.2932692307692308 0.038461538461538464 0.06730769230769232
1 0.8966346153846154 0.3197115384615385 0.03365384615384616 0.04807692307692308
1 0.8774038461538463 0.30649038461538464 0.03365384615384616 0.05048076923076923
0 0.9579326923076924 0.3076923076923077 0.04567307692307693 0.057692307692307696
0 0.9735576923076924 0.375 0.038461538461538464 0.057692307692307696
