1 0.3337349397590362 0.3185096153846154 0.13734939759036147 0.19471153846153846
1 0.163855421686747 0.30649038461538464 0.07228915662650603 0.19951923076923078
1 0.6385542168674699 0.3076923076923077 0.14457831325301207 0.19711538461538464
1 0.46987951807228917 0.26802884615384615 0.13975903614457832 0.16586538461538464
1 0.27951807228915665 0.22115384615384617 0.11566265060240966 0.17307692307692307
1 0.5602409638554218 0.19711538461538464 0.11325301204819278 0.14423076923076925
1 0.7289156626506025 0.22836538461538464 0.11807228915662651 0.20192307692307693
1 0.2168674698795181 0.21634615384615385 0.09156626506024097 0.14423076923076925
1 0.15783132530120483 0.16346153846153846 0.06024096385542169 0.11057692307692309
1 0.4481927710843374 0.14302884615384617 0.0963855421686747 0.11778846153846155
1 0.802409638554217 0.22355769230769232 0.07228915662650603 0.15865384615384617
1 0.31445783132530125 0.14903846153846154 0.09397590361445785 0.10576923076923078
1 0.6807228915662651 0.05288461538461539 0.0746987951807229 0.07211538461538462
1 0.7530120481927711 0.10216346153846155 0.08433734939759037 0.10336538461538462
1 0.8433734939759037 0.19471153846153846 0.05783132530120483 0.16346153846153846
1 0.4060240963855422 0.07451923076923077 0.06987951807228916 0.09615384615384616
1 0.3590361445783133 0.125 0.07228915662650603 0.11057692307692309
1 0.08674698795180724 0.30649038461538464 0.07228915662650603 0.19951923076923078
1 0.01566265060240964 0.22235576923076925 0.03132530120481928 0.17548076923076925
1 0.9807228915662651 0.2295673076923077 0.033734939759036145 0.2043269230769231
1 0.04096385542168675 0.21754807692307693 0.0819277108433735 0.1466346153846154
1 0.09518072289156627 0.16346153846153846 0.06024096385542169 0.11057692307692309
1 0.9493975903614459 0.22355769230769232 0.07228915662650603 0.15865384615384617
1 0.9771084337349398 0.10096153846153846 0.04096385542168675 0.10576923076923078
1 0.9084337349397591 0.19471153846153846 0.05783132530120483 0.16346153846153846
