0 0.1466346153846154 0.3987951807228916 0.07211538461538462 0.06506024096385543
0 0.4182692307692308 0.3722891566265061 0.0625 0.06987951807228916
0 0.33653846153846156 0.4373493975903615 0.11538461538461539 0.10361445783132531
0 0.27403846153846156 0.3722891566265061 0.06730769230769232 0.06024096385542169
0 0.6838942307692308 0.3722891566265061 0.06009615384615385 0.06506024096385543
0 0.0625 0.4734939759036145 0.11538461538461539 0.12289156626506025
0 0.811298076923077 0.3951807228915663 0.06009615384615385 0.06746987951807229
0 0.5564903846153847 0.3698795180722892 0.06490384615384616 0.06987951807228916
0 0.6358173076923077 0.46144578313253015 0.12740384615384617 0.10843373493975905
0 0.040865384615384616 0.4048192771084338 0.07692307692307693 0.0819277108433735
0 0.9651442307692308 0.3855421686746988 0.05528846153846154 0.07710843373493977
0 0.8509615384615385 0.3566265060240964 0.04326923076923077 0.05783132530120483
0 0.967548076923077 0.4481927710843374 0.06009615384615385 0.11566265060240966
