1 0.3822115384615385 0.4411057692307693 0.057692307692307696 0.06971153846153846
1 0.234375 0.4723557692307693 0.05048076923076923 0.06490384615384616
1 0.9459134615384616 0.4747596153846154 0.04567307692307693 0.06490384615384616
1 0.5012019230769231 0.4362980769230769 0.04567307692307693 0.06971153846153846
0 0.8401442307692308 0.46634615384615385 0.05528846153846154 0.0625
0 0.15024038461538464 0.4759615384615385 0.05048076923076923 0.06730769230769232
0 0.6598557692307693 0.4483173076923077 0.04567307692307693 0.06009615384615385
1 0.31730769230769235 0.4603365384615385 0.038461538461538464 0.06009615384615385
0 0.4567307692307693 0.4603365384615385 0.03365384615384616 0.040865384615384616
0 0.4278846153846154 0.4603365384615385 0.02403846153846154 0.03605769230769231
0 0.5408653846153847 0.453125 0.03365384615384616 0.05528846153846154
0 0.6177884615384616 0.4603365384615385 0.038461538461538464 0.04567307692307693
0 0.5709134615384616 0.46153846153846156 0.03125 0.038461538461538464
0 0.7391826923076924 0.46634615384615385 0.03125 0.04326923076923077
0 0.71875 0.46634615384615385 0.028846153846153848 0.03365384615384616
0 0.7596153846153847 0.4639423076923077 0.02403846153846154 0.03365384615384616
