0 0.11778846153846155 0.4048192771084338 0.038461538461538464 0.05301204819277109
0 0.2560096153846154 0.3855421686746988 0.04567307692307693 0.05783132530120483
0 0.07091346153846154 0.4168674698795181 0.03605769230769231 0.03855421686746988
0 0.15865384615384617 0.3843373493975904 0.038461538461538464 0.055421686746987955
0 0.3245192307692308 0.3771084337349398 0.028846153846153848 0.03614457831325302
0 0.35216346153846156 0.3927710843373494 0.04567307692307693 0.04819277108433735
0 0.421875 0.391566265060241 0.04567307692307693 0.055421686746987955
0 0.53125 0.3975903614457832 0.038461538461538464 0.04819277108433735
0 0.5625 0.3819277108433735 0.03365384615384616 0.050602409638554224
0 0.5973557692307693 0.3963855421686747 0.04567307692307693 0.050602409638554224
0 0.7451923076923077 0.3939759036144579 0.03365384615384616 0.045783132530120486
0 0.7271634615384616 0.3734939759036145 0.026442307692307696 0.04819277108433735
0 0.8786057692307693 0.3795180722891567 0.03605769230769231 0.045783132530120486
0 0.983173076923077 0.3710843373493976 0.02403846153846154 0.06265060240963856
