1 0.8641826923076924 0.4132530120481928 0.07932692307692309 0.09879518072289158
1 0.733173076923077 0.4349397590361446 0.05288461538461539 0.06987951807228916
1 0.6322115384615385 0.4313253012048193 0.04807692307692308 0.06746987951807229
1 0.24759615384615385 0.5927710843373495 0.04326923076923077 0.04819277108433735
1 0.09254807692307693 0.5626506024096386 0.03605769230769231 0.050602409638554224
1 0.3870192307692308 0.47831325301204825 0.04326923076923077 0.055421686746987955
1 0.5168269230769231 0.5542168674698795 0.04326923076923077 0.04819277108433735
1 0.44591346153846156 0.4987951807228916 0.03605769230769231 0.05301204819277109
1 0.5444711538461539 0.4590361445783133 0.04567307692307693 0.055421686746987955
1 0.6802884615384616 0.44578313253012053 0.04326923076923077 0.05783132530120483
1 0.2355769230769231 0.5602409638554218 0.03365384615384616 0.045783132530120486
