1 0.11658653846153846 0.3617788461538462 0.07932692307692309 0.11778846153846155
1 0.8557692307692308 0.3786057692307693 0.06730769230769232 0.09375
1 0.6850961538461539 0.3617788461538462 0.09134615384615385 0.11778846153846155
1 0.3762019230769231 0.36778846153846156 0.07932692307692309 0.10096153846153846
1 0.9723557692307693 0.39543269230769235 0.05048076923076923 0.11778846153846155
1 0.4362980769230769 0.3810096153846154 0.05528846153846154 0.07451923076923077
1 0.24639423076923078 0.38822115384615385 0.05048076923076923 0.07451923076923077
1 0.4831730769230769 0.3942307692307693 0.05288461538461539 0.08173076923076923
1 0.6514423076923077 0.36778846153846156 0.057692307692307696 0.09615384615384616
1 0.5324519230769231 0.40625 0.03605769230769231 0.057692307692307696
0 0.5853365384615385 0.390625 0.040865384615384616 0.06009615384615385
1 0.30528846153846156 0.4074519230769231 0.038461538461538464 0.05048076923076923
1 0.07692307692307693 0.3918269230769231 0.057692307692307696 0.08173076923076923
