0 0.6838942307692308 0.3337349397590362 0.08413461538461539 0.09397590361445785
0 0.3245192307692308 0.3204819277108434 0.07211538461538462 0.09156626506024097
0 0.40384615384615385 0.3566265060240964 0.057692307692307696 0.0819277108433735
0 0.5673076923076923 0.3626506024096386 0.057692307692307696 0.0746987951807229
0 0.47355769230769235 0.4024096385542169 0.04807692307692308 0.05783132530120483
0 0.5372596153846154 0.41807228915662653 0.026442307692307696 0.045783132530120486
0 0.4903846153846154 0.45060240963855425 0.02403846153846154 0.03855421686746988
0 0.6826923076923077 0.024096385542168676 0.08653846153846154 0.04819277108433735
0 0.32572115384615385 0.030120481927710847 0.07451923076923077 0.06024096385542169
0 0.4050480769230769 0.00963855421686747 0.06009615384615385 0.01927710843373494
