0 0.14302884615384617 0.3855421686746988 0.2043269230769231 0.24096385542168677
0 0.859375 0.3819277108433735 0.06009615384615385 0.0746987951807229
0 0.6911057692307693 0.3855421686746988 0.04567307692307693 0.07228915662650603
0 0.021634615384615384 0.3795180722891567 0.03365384615384616 0.06024096385542169
0 0.2932692307692308 0.4024096385542169 0.04326923076923077 0.06265060240963856
0 0.3389423076923077 0.3903614457831326 0.03365384615384616 0.04337349397590362
0 0.3701923076923077 0.4 0.028846153846153848 0.03855421686746988
0 0.3966346153846154 0.383132530120482 0.028846153846153848 0.04337349397590362
0 0.44230769230769235 0.3927710843373494 0.038461538461538464 0.05301204819277109
0 0.5084134615384616 0.3879518072289157 0.026442307692307696 0.033734939759036145
0 0.5588942307692308 0.3891566265060241 0.03605769230769231 0.045783132530120486
0 0.609375 0.4012048192771085 0.026442307692307696 0.03132530120481928
0 0.6490384615384616 0.4 0.038461538461538464 0.04819277108433735
0 0.733173076923077 0.4108433734939759 0.03365384615384616 0.04096385542168675
0 0.7716346153846154 0.4072289156626506 0.028846153846153848 0.033734939759036145
0 0.9194711538461539 0.3927710843373494 0.03605769230769231 0.04819277108433735
0 0.14182692307692307 0.03493975903614458 0.20673076923076925 0.06987951807228916
