0 0.33293269230769235 0.3132530120481928 0.06971153846153846 0.08674698795180724
0 0.49759615384615385 0.34337349397590367 0.06730769230769232 0.07951807228915664
0 0.109375 0.32891566265060246 0.08413461538461539 0.09397590361445785
0 0.703125 0.355421686746988 0.06009615384615385 0.06987951807228916
0 0.6045673076923077 0.3650602409638555 0.05048076923076923 0.06024096385542169
0 0.8497596153846154 0.3807228915662651 0.06490384615384616 0.05783132530120483
0 0.42307692307692313 0.3650602409638555 0.04326923076923077 0.050602409638554224
0 0.3317307692307693 0.032530120481927716 0.07211538461538462 0.06506024096385543
0 0.4987980769230769 0.01566265060240964 0.06971153846153846 0.03132530120481928
0 0.10817307692307693 0.026506024096385545 0.08653846153846154 0.05301204819277109
0 0.701923076923077 0.0072289156626506035 0.0625 0.014457831325301207
