1 0.09375 0.3317307692307693 0.14423076923076925 0.1778846153846154
1 0.4639423076923077 0.36418269230769235 0.08173076923076923 0.11778846153846155
1 0.7788461538461539 0.359375 0.08173076923076923 0.10817307692307693
1 0.8882211538461539 0.3665865384615385 0.09375 0.10817307692307693
1 0.38822115384615385 0.36899038461538464 0.04567307692307693 0.06971153846153846
1 0.6646634615384616 0.3497596153846154 0.05528846153846154 0.07932692307692309
1 0.7307692307692308 0.375 0.03365384615384616 0.06730769230769232
1 0.5949519230769231 0.36899038461538464 0.04567307692307693 0.06490384615384616
0 0.2139423076923077 0.38822115384615385 0.038461538461538464 0.05528846153846154
1 0.15384615384615385 0.4014423076923077 0.038461538461538464 0.06730769230769232
0 0.9747596153846154 0.3713942307692308 0.040865384615384616 0.07451923076923077
1 0.09495192307692309 0.040865384615384616 0.1466346153846154 0.08173076923076923
