1 0.171875 0.33653846153846156 0.16105769230769232 0.1826923076923077
1 0.8834134615384616 0.328125 0.2139423076923077 0.19951923076923078
1 0.6105769230769231 0.359375 0.12980769230769232 0.14182692307692307
1 0.4399038461538462 0.4338942307692308 0.11538461538461539 0.13701923076923078
1 0.3966346153846154 0.32211538461538464 0.09134615384615385 0.11538461538461539
1 0.3161057692307693 0.34615384615384615 0.10336538461538462 0.13461538461538464
1 0.5384615384615385 0.31009615384615385 0.09134615384615385 0.11538461538461539
1 0.17067307692307693 0.046875 0.16346153846153846 0.09375
1 0.8822115384615385 0.05528846153846154 0.21634615384615385 0.11057692307692309
1 0.6117788461538461 0.025240384615384616 0.13221153846153846 0.05048076923076923
1 0.3978365384615385 0.037259615384615384 0.09375 0.07451923076923077
1 0.31490384615384615 0.030048076923076924 0.10576923076923078 0.06009615384615385
1 0.5396634615384616 0.04326923076923077 0.09375 0.08653846153846154
