1 0.40384615384615385 0.383132530120482 0.057692307692307696 0.0819277108433735
1 0.96875 0.3951807228915663 0.05288461538461539 0.0819277108433735
1 0.7944711538461539 0.3843373493975904 0.05048076923076923 0.0746987951807229
1 0.33774038461538464 0.3891566265060241 0.05528846153846154 0.06987951807228916
1 0.7415865384615385 0.4024096385542169 0.04567307692307693 0.07228915662650603
1 0.15504807692307693 0.655421686746988 0.07451923076923077 0.07228915662650603
0 0.16947115384615385 0.3819277108433735 0.06971153846153846 0.07951807228915664
0 0.6610576923076923 0.3987951807228916 0.04807692307692308 0.06987951807228916
1 0.4915865384615385 0.4084337349397591 0.05528846153846154 0.0746987951807229
1 0.6141826923076923 0.3987951807228916 0.040865384615384616 0.06987951807228916
0 0.5336538461538461 0.4024096385542169 0.04326923076923077 0.05783132530120483
1 0.15384615384615385 0.9879518072289157 0.07692307692307693 0.01927710843373494
