1 0.26802884615384615 0.3168674698795181 0.06490384615384616 0.0891566265060241
1 0.21514423076923078 0.31566265060240967 0.05528846153846154 0.07228915662650603
1 0.5108173076923077 0.3349397590361446 0.06971153846153846 0.08674698795180724
1 0.7151442307692308 0.3132530120481928 0.07932692307692309 0.10120481927710845
1 0.41466346153846156 0.3204819277108434 0.06971153846153846 0.09156626506024097
1 0.36778846153846156 0.3301204819277109 0.04807692307692308 0.0819277108433735
1 0.2668269230769231 0.03132530120481928 0.06730769230769232 0.06265060240963856
1 0.2139423076923077 0.027710843373493978 0.057692307692307696 0.055421686746987955
1 0.5096153846153847 0.02168674698795181 0.07211538461538462 0.04337349397590362
1 0.7139423076923077 0.03614457831325302 0.08173076923076923 0.07228915662650603
1 0.4134615384615385 0.030120481927710847 0.07211538461538462 0.06024096385542169
1 0.36899038461538464 0.022891566265060243 0.05048076923076923 0.045783132530120486
