1 0.34375 0.47590361445783136 0.04326923076923077 0.045783132530120486
0 0.5625 0.4843373493975904 0.04326923076923077 0.04337349397590362
0 0.9194711538461539 0.49036144578313257 0.04567307692307693 0.050602409638554224
0 0.45432692307692313 0.4879518072289157 0.03365384615384616 0.04096385542168675
0 0.23197115384615385 0.49638554216867475 0.04567307692307693 0.04337349397590362
0 0.06490384615384616 0.519277108433735 0.057692307692307696 0.06506024096385543
0 0.11057692307692309 0.49397590361445787 0.03365384615384616 0.05301204819277109
0 0.3894230769230769 0.49277108433734945 0.03365384615384616 0.04096385542168675
0 0.2800480769230769 0.48554216867469885 0.040865384615384616 0.045783132530120486
0 0.15504807692307693 0.48192771084337355 0.03125 0.04819277108433735
0 0.1875 0.491566265060241 0.03365384615384616 0.04337349397590362
