1 0.6899038461538461 0.30843373493975906 0.15865384615384617 0.1783132530120482
1 0.4362980769230769 0.28072289156626506 0.07932692307692309 0.09879518072289158
1 0.5673076923076923 0.3301204819277109 0.0625 0.07228915662650603
1 0.2920673076923077 0.2385542168674699 0.04567307692307693 0.05783132530120483
1 0.5276442307692308 0.3457831325301205 0.040865384615384616 0.055421686746987955
1 0.6911057692307693 0.05783132530120483 0.16105769230769232 0.11566265060240966
1 0.4362980769230769 0.054216867469879526 0.07932692307692309 0.09879518072289158
1 0.5685096153846154 0.020481927710843374 0.06490384615384616 0.04096385542168675
1 0.2920673076923077 0.09397590361445785 0.04567307692307693 0.05783132530120483
1 0.5264423076923077 0.008433734939759036 0.04326923076923077 0.016867469879518072
