0 0.22355769230769232 0.31566265060240967 0.11538461538461539 0.15421686746987953
0 0.5408653846153847 0.3590361445783133 0.08653846153846154 0.10602409638554218
0 0.3978365384615385 0.3891566265060241 0.10817307692307693 0.14216867469879518
0 0.9423076923076924 0.3674698795180723 0.10096153846153846 0.11807228915662651
0 0.7980769230769231 0.3698795180722892 0.10096153846153846 0.12289156626506025
0 0.6334134615384616 0.33975903614457836 0.10336538461538462 0.13012048192771086
0 0.2247596153846154 0.050602409638554224 0.11778846153846155 0.10120481927710845
0 0.5420673076923077 0.016867469879518072 0.0889423076923077 0.033734939759036145
0 0.9435096153846154 0.01566265060240964 0.10336538461538462 0.03132530120481928
0 0.7992788461538461 0.01566265060240964 0.10336538461538462 0.03132530120481928
0 0.6322115384615385 0.032530120481927716 0.10576923076923078 0.06506024096385543
