1 0.14783653846153846 0.4156626506024097 0.06009615384615385 0.07951807228915664
1 0.19471153846153846 0.4 0.05288461538461539 0.07228915662650603
1 0.23798076923076925 0.4156626506024097 0.038461538461538464 0.045783132530120486
1 0.35336538461538464 0.4204819277108434 0.04807692307692308 0.06987951807228916
1 0.42668269230769235 0.3855421686746988 0.05048076923076923 0.06265060240963856
1 0.5240384615384616 0.3927710843373494 0.05288461538461539 0.05783132530120483
1 0.5649038461538461 0.3578313253012049 0.04807692307692308 0.06024096385542169
1 0.6310096153846154 0.3337349397590362 0.04567307692307693 0.06506024096385543
1 0.6057692307692308 0.33614457831325306 0.038461538461538464 0.055421686746987955
1 0.7271634615384616 0.3349397590361446 0.05528846153846154 0.06746987951807229
1 0.7764423076923077 0.3240963855421687 0.04807692307692308 0.0746987951807229
1 0.5661057692307693 0.006024096385542169 0.05048076923076923 0.012048192771084338
1 0.6298076923076923 0.01927710843373494 0.04807692307692308 0.03855421686746988
1 0.6069711538461539 0.01566265060240964 0.040865384615384616 0.03132530120481928
1 0.7259615384615385 0.01927710843373494 0.057692307692307696 0.03855421686746988
1 0.7776442307692308 0.026506024096385545 0.05048076923076923 0.05301204819277109
