0 0.17307692307692307 0.3530120481927711 0.10576923076923078 0.11325301204819278
0 0.8665865384615385 0.3650602409638555 0.06490384615384616 0.0891566265060241
0 0.5673076923076923 0.34337349397590367 0.08173076923076923 0.10843373493975905
0 0.3473557692307693 0.33253012048192776 0.09375 0.10602409638554218
0 0.7403846153846154 0.3204819277108434 0.10576923076923078 0.13493975903614458
0 0.9627403846153847 0.3457831325301205 0.05528846153846154 0.0891566265060241
0 0.5180288461538461 0.3759036144578314 0.040865384615384616 0.06746987951807229
0 0.6213942307692308 0.3566265060240964 0.040865384615384616 0.06746987951807229
0 0.09615384615384616 0.3734939759036145 0.04807692307692308 0.06746987951807229
0 0.24639423076923078 0.3722891566265061 0.03125 0.045783132530120486
0 0.02764423076923077 0.3867469879518073 0.05048076923076923 0.06987951807228916
0 0.4675480769230769 0.3783132530120482 0.03125 0.03855421686746988
0 0.6502403846153847 0.3698795180722892 0.040865384615384616 0.055421686746987955
0 0.41947115384615385 0.3939759036144579 0.040865384615384616 0.050602409638554224
0 0.3966346153846154 0.35421686746987957 0.03365384615384616 0.05783132530120483
0 0.9807692307692308 0.3096385542168675 0.028846153846153848 0.12771084337349398
0 0.17427884615384617 0.01927710843373494 0.10817307692307693 0.03855421686746988
0 0.5685096153846154 0.022891566265060243 0.08413461538461539 0.045783132530120486
0 0.34615384615384615 0.027710843373493978 0.09615384615384616 0.055421686746987955
0 0.7415865384615385 0.04096385542168675 0.10817307692307693 0.0819277108433735
0 0.9615384615384616 0.016867469879518072 0.057692307692307696 0.033734939759036145
0 0.9819711538461539 0.04457831325301205 0.03125 0.0891566265060241
