1 0.7151442307692308 0.29927884615384615 0.07451923076923077 0.09855769230769232
1 0.296875 0.31490384615384615 0.07932692307692309 0.09615384615384616
1 0.530048076923077 0.28365384615384615 0.06971153846153846 0.08653846153846154
1 0.3978365384615385 0.31490384615384615 0.06490384615384616 0.08653846153846154
1 0.4447115384615385 0.27524038461538464 0.057692307692307696 0.07932692307692309
1 0.9639423076923077 0.27884615384615385 0.05288461538461539 0.06730769230769232
1 0.23076923076923078 0.25841346153846156 0.04807692307692308 0.06490384615384616
1 0.9254807692307693 0.2512019230769231 0.057692307692307696 0.06971153846153846
1 0.140625 0.2668269230769231 0.04567307692307693 0.057692307692307696
1 0.5528846153846154 0.24879807692307693 0.057692307692307696 0.07932692307692309
1 0.44591346153846156 0.00841346153846154 0.06009615384615385 0.01682692307692308
1 0.23197115384615385 0.013221153846153848 0.05048076923076923 0.026442307692307696
1 0.9266826923076924 0.018028846153846156 0.06009615384615385 0.03605769230769231
1 0.13942307692307693 0.007211538461538462 0.04807692307692308 0.014423076923076924
1 0.5540865384615385 0.021634615384615384 0.06009615384615385 0.04326923076923077
