0 0.0625 0.4435096153846154 0.11057692307692309 0.11778846153846155
0 0.6334134615384616 0.390625 0.05048076923076923 0.05528846153846154
0 0.20552884615384617 0.375 0.05048076923076923 0.0625
0 0.6730769230769231 0.38461538461538464 0.038461538461538464 0.038461538461538464
0 0.07932692307692309 0.3930288461538462 0.07692307692307693 0.07932692307692309
0 0.17067307692307693 0.3858173076923077 0.05288461538461539 0.06490384615384616
0 0.9483173076923077 0.4747596153846154 0.07932692307692309 0.09375
0 0.3401442307692308 0.35697115384615385 0.03125 0.040865384615384616
0 0.4435096153846154 0.36418269230769235 0.03605769230769231 0.04567307692307693
0 0.5180288461538461 0.3701923076923077 0.03605769230769231 0.04807692307692308
0 0.8040865384615385 0.42307692307692313 0.06971153846153846 0.08173076923076923
0 0.06370192307692309 0.058894230769230775 0.11298076923076923 0.11778846153846155
0 0.6334134615384616 0.11177884615384616 0.05048076923076923 0.05528846153846154
0 0.20552884615384617 0.125 0.05048076923076923 0.0625
0 0.6730769230769231 0.11538461538461539 0.038461538461538464 0.038461538461538464
0 0.07932692307692309 0.109375 0.07692307692307693 0.07932692307692309
0 0.17067307692307693 0.11658653846153846 0.05288461538461539 0.06490384615384616
0 0.9471153846153847 0.037259615384615384 0.08173076923076923 0.07451923076923077
0 0.9471153846153847 0.9879807692307693 0.08173076923076923 0.019230769230769232
0 0.3401442307692308 0.14543269230769232 0.03125 0.040865384615384616
0 0.4435096153846154 0.13822115384615385 0.03605769230769231 0.04567307692307693
0 0.5180288461538461 0.12980769230769232 0.03605769230769231 0.04807692307692308
0 0.8040865384615385 0.07692307692307693 0.06971153846153846 0.08173076923076923
