0 0.25841346153846156 0.33614457831325306 0.06490384615384616 0.0746987951807229
0 0.7091346153846154 0.31927710843373497 0.0625 0.06987951807228916
0 0.19591346153846154 0.3566265060240964 0.06971153846153846 0.0819277108433735
0 0.609375 0.31566265060240967 0.06490384615384616 0.08674698795180724
0 0.5036057692307693 0.27831325301204823 0.05528846153846154 0.0746987951807229
0 0.8810096153846154 0.32530120481927716 0.06971153846153846 0.09156626506024097
0 0.08173076923076923 0.3313253012048193 0.057692307692307696 0.0746987951807229
0 0.84375 0.28554216867469884 0.05288461538461539 0.06987951807228916
0 0.3774038461538462 0.33253012048192776 0.05288461538461539 0.07228915662650603
0 0.4326923076923077 0.3337349397590362 0.04807692307692308 0.06024096385542169
0 0.2956730769230769 0.3518072289156627 0.028846153846153848 0.05783132530120483
0 0.2572115384615385 0.013253012048192772 0.06730769230769232 0.026506024096385545
0 0.7103365384615385 0.020481927710843374 0.06490384615384616 0.04096385542168675
0 0.608173076923077 0.026506024096385545 0.06730769230769232 0.05301204819277109
0 0.5036057692307693 0.04698795180722892 0.05528846153846154 0.0746987951807229
0 0.8798076923076924 0.022891566265060243 0.07211538461538462 0.045783132530120486
0 0.08293269230769232 0.01566265060240964 0.06009615384615385 0.03132530120481928
0 0.84375 0.03975903614457832 0.05288461538461539 0.06987951807228916
0 0.3786057692307693 0.014457831325301207 0.05528846153846154 0.028915662650602414
0 0.4338942307692308 0.010843373493975905 0.05048076923076923 0.02168674698795181
