1 0.7067307692307693 0.4375 0.06730769230769232 0.10096153846153846
1 0.5913461538461539 0.4603365384615385 0.0625 0.0889423076923077
1 0.22355769230769232 0.4206730769230769 0.07211538461538462 0.09615384615384616
1 0.07211538461538462 0.4603365384615385 0.08173076923076923 0.09375
1 0.9122596153846154 0.4411057692307693 0.06971153846153846 0.09855769230769232
1 0.3269230769230769 0.4290865384615385 0.09134615384615385 0.10817307692307693
1 0.764423076923077 0.4591346153846154 0.04326923076923077 0.08173076923076923
1 0.48918269230769235 0.4435096153846154 0.0889423076923077 0.11778846153846155
1 0.6466346153846154 0.4326923076923077 0.05288461538461539 0.07692307692307693
1 0.5492788461538461 0.4242788461538462 0.05528846153846154 0.09375
1 0.7932692307692308 0.4603365384615385 0.038461538461538464 0.07451923076923077
