1 0.3737980769230769 0.4168674698795181 0.05528846153846154 0.07710843373493977
1 0.057692307692307696 0.4301204819277109 0.03365384615384616 0.06024096385542169
1 0.4278846153846154 0.42891566265060244 0.04326923076923077 0.06265060240963856
1 0.7379807692307693 0.41807228915662653 0.04326923076923077 0.050602409638554224
1 0.09735576923076923 0.4301204819277109 0.040865384615384616 0.045783132530120486
1 0.019230769230769232 0.4337349397590362 0.03365384615384616 0.05783132530120483
1 0.17067307692307693 0.42891566265060244 0.028846153846153848 0.04337349397590362
1 0.20192307692307693 0.44337349397590364 0.04326923076923077 0.04819277108433735
1 0.2716346153846154 0.4421686746987952 0.04326923076923077 0.045783132530120486
1 0.5072115384615384 0.42891566265060244 0.05288461538461539 0.04819277108433735
1 0.578125 0.4301204819277109 0.040865384615384616 0.045783132530120486
1 0.6670673076923077 0.4024096385542169 0.03605769230769231 0.05783132530120483
1 0.703125 0.4 0.03125 0.05783132530120483
1 0.78125 0.4120481927710844 0.04326923076923077 0.05783132530120483
