1 0.8088942307692308 0.3373493975903615 0.1466346153846154 0.19759036144578315
1 0.5108173076923077 0.4228915662650603 0.17548076923076925 0.20481927710843376
1 0.1887019230769231 0.5518072289156627 0.17548076923076925 0.19759036144578315
1 0.1875 0.3337349397590362 0.12980769230769232 0.21445783132530122
1 0.40024038461538464 0.4108433734939759 0.1514423076923077 0.1951807228915663
1 0.09014423076923077 0.34337349397590367 0.13701923076923078 0.24337349397590363
1 0.3293269230769231 0.29759036144578316 0.12980769230769232 0.11807228915662651
1 0.8076923076923077 0.04819277108433735 0.14903846153846154 0.0963855421686747
1 0.1887019230769231 0.054216867469879526 0.13221153846153846 0.10843373493975905
1 0.0889423076923077 0.05662650602409639 0.13942307692307693 0.11325301204819278
1 0.33052884615384615 0.04819277108433735 0.13221153846153846 0.0963855421686747
