1 0.2800480769230769 0.3701923076923077 0.06971153846153846 0.09134615384615385
1 0.6045673076923077 0.3822115384615385 0.08413461538461539 0.10096153846153846
1 0.3930288461538462 0.3713942307692308 0.08413461538461539 0.11298076923076923
1 0.10817307692307693 0.3942307692307693 0.04807692307692308 0.06730769230769232
1 0.21634615384615385 0.41466346153846156 0.038461538461538464 0.04567307692307693
1 0.15024038461538464 0.4098557692307693 0.03125 0.040865384615384616
1 0.9591346153846154 0.3653846153846154 0.07211538461538462 0.14423076923076925
1 0.2800480769230769 0.06730769230769232 0.06971153846153846 0.09134615384615385
1 0.6045673076923077 0.05528846153846154 0.08413461538461539 0.10096153846153846
1 0.3930288461538462 0.06850961538461539 0.08413461538461539 0.11298076923076923
1 0.10817307692307693 0.04326923076923077 0.04807692307692308 0.06730769230769232
1 0.21634615384615385 0.025240384615384616 0.038461538461538464 0.04567307692307693
1 0.15024038461538464 0.030048076923076924 0.03125 0.040865384615384616
1 0.9591346153846154 0.07211538461538462 0.07211538461538462 0.14423076923076925
