1 0.6514423076923077 0.3161057692307693 0.13942307692307693 0.18990384615384617
1 0.3978365384615385 0.31009615384615385 0.07451923076923077 0.08653846153846154
1 0.33774038461538464 0.3185096153846154 0.04567307692307693 0.05528846153846154
1 0.23197115384615385 0.3389423076923077 0.03605769230769231 0.038461538461538464
1 0.19471153846153846 0.3185096153846154 0.028846153846153848 0.03125
1 0.18028846153846154 0.3425480769230769 0.03365384615384616 0.03125
1 0.14182692307692307 0.3317307692307693 0.028846153846153848 0.02403846153846154
1 0.12620192307692307 0.34375 0.026442307692307696 0.028846153846153848
1 0.9771634615384616 0.2956730769230769 0.021634615384615384 0.028846153846153848
1 0.936298076923077 0.3076923076923077 0.03125 0.03365384615384616
1 0.6526442307692308 0.06129807692307693 0.14182692307692307 0.12259615384615385
1 0.3966346153846154 0.038461538461538464 0.07692307692307693 0.07692307692307693
1 0.33653846153846156 0.026442307692307696 0.04807692307692308 0.05288461538461539
1 0.23076923076923078 0.01201923076923077 0.038461538461538464 0.02403846153846154
1 0.19471153846153846 0.025240384615384616 0.028846153846153848 0.03125
1 0.18149038461538464 0.00841346153846154 0.03605769230769231 0.01682692307692308
1 0.14302884615384617 0.01201923076923077 0.03125 0.02403846153846154
1 0.125 0.007211538461538462 0.028846153846153848 0.014423076923076924
1 0.9771634615384616 0.04567307692307693 0.021634615384615384 0.028846153846153848
1 0.936298076923077 0.03365384615384616 0.03125 0.03365384615384616
