1 0.7908653846153847 0.3963855421686747 0.14903846153846154 0.16626506024096388
1 0.45793269230769235 0.3096385542168675 0.12740384615384617 0.1710843373493976
1 0.8197115384615385 0.5590361445783133 0.25 0.29397590361445786
1 0.5288461538461539 0.3590361445783133 0.17307692307692307 0.1783132530120482
1 0.21754807692307693 0.44698795180722894 0.4014423076923077 0.4120481927710844
1 0.421875 0.6614457831325302 0.28125 0.28674698795180725
1 0.4567307692307693 0.055421686746987955 0.12980769230769232 0.11084337349397591
1 0.530048076923077 0.032530120481927716 0.17548076923076925 0.06506024096385543
1 0.21634615384615385 0.04698795180722892 0.40384615384615385 0.09397590361445785
1 0.4206730769230769 0.9301204819277109 0.28365384615384615 0.13493975903614458
