1 0.5192307692307693 0.3530120481927711 0.0625 0.08433734939759037
1 0.6526442307692308 0.34337349397590367 0.05528846153846154 0.07951807228915664
1 0.3353365384615385 0.3602409638554217 0.05048076923076923 0.06024096385542169
1 0.21754807692307693 0.3650602409638555 0.05048076923076923 0.06024096385542169
1 0.7283653846153847 0.3421686746987952 0.10096153846153846 0.11084337349397591
1 0.5192307692307693 0.08313253012048194 0.0625 0.08433734939759037
1 0.6526442307692308 0.0927710843373494 0.05528846153846154 0.07951807228915664
1 0.3353365384615385 0.07590361445783134 0.05048076923076923 0.06024096385542169
1 0.21754807692307693 0.07108433734939759 0.05048076923076923 0.06024096385542169
1 0.7283653846153847 0.09156626506024097 0.10096153846153846 0.11084337349397591
