1 0.6790865384615385 0.31204819277108437 0.07932692307692309 0.09879518072289158
1 0.4411057692307693 0.28674698795180725 0.06971153846153846 0.10120481927710845
1 0.21514423076923078 0.28795180722891567 0.09855769230769232 0.12289156626506025
1 0.8076923076923077 0.30361445783132535 0.09134615384615385 0.11084337349397591
1 0.7560096153846154 0.35421686746987957 0.04567307692307693 0.07228915662650603
1 0.49759615384615385 0.3301204819277109 0.04807692307692308 0.05301204819277109
1 0.34375 0.3686746987951808 0.04326923076923077 0.05783132530120483
1 0.6358173076923077 0.35060240963855427 0.05528846153846154 0.0746987951807229
1 0.6778846153846154 0.03614457831325302 0.08173076923076923 0.07228915662650603
1 0.4399038461538462 0.04939759036144579 0.07211538461538462 0.09879518072289158
1 0.2139423076923077 0.054216867469879526 0.10096153846153846 0.10843373493975905
1 0.8088942307692308 0.04337349397590362 0.09375 0.08674698795180724
1 0.7548076923076924 0.008433734939759036 0.04807692307692308 0.016867469879518072
1 0.4987980769230769 0.01566265060240964 0.05048076923076923 0.03132530120481928
1 0.6346153846153847 0.010843373493975905 0.057692307692307696 0.02168674698795181
