1 0.5661057692307693 0.6180722891566266 0.05048076923076923 0.050602409638554224
1 0.9555288461538463 0.6409638554216868 0.05528846153846154 0.05301204819277109
1 0.13221153846153846 0.5903614457831325 0.04326923076923077 0.04819277108433735
1 0.3557692307692308 0.4879518072289157 0.038461538461538464 0.03614457831325302
1 0.24158653846153846 0.46987951807228917 0.03125 0.033734939759036145
1 0.06971153846153846 0.491566265060241 0.028846153846153848 0.033734939759036145
1 0.3713942307692308 0.5445783132530121 0.026442307692307696 0.024096385542168676
1 0.5216346153846154 0.4313253012048193 0.02403846153846154 0.028915662650602414
1 0.4903846153846154 0.42168674698795183 0.028846153846153848 0.028915662650602414
1 0.7584134615384616 0.4168674698795181 0.040865384615384616 0.033734939759036145
1 0.10096153846153846 0.41807228915662653 0.028846153846153848 0.02168674698795181
1 0.13461538461538464 0.4036144578313253 0.028846153846153848 0.026506024096385545
1 0.18990384615384617 0.3867469879518073 0.019230769230769232 0.02168674698795181
0 0.15384615384615385 0.6132530120481928 0.03365384615384616 0.03614457831325302
1 0.2608173076923077 0.4337349397590362 0.021634615384615384 0.024096385542168676
