1 0.4639423076923077 0.46506024096385545 0.028846153846153848 0.03855421686746988
1 0.14302884615384617 0.4445783132530121 0.05528846153846154 0.06987951807228916
1 0.08653846153846154 0.46385542168674704 0.028846153846153848 0.03132530120481928
1 0.18509615384615385 0.4626506024096386 0.028846153846153848 0.04819277108433735
1 0.2800480769230769 0.4301204819277109 0.05048076923076923 0.0746987951807229
1 0.3557692307692308 0.47951807228915666 0.038461538461538464 0.05783132530120483
1 0.3858173076923077 0.46024096385542174 0.026442307692307696 0.033734939759036145
1 0.5192307692307693 0.46867469879518076 0.028846153846153848 0.04096385542168675
1 0.5552884615384616 0.44578313253012053 0.04807692307692308 0.06746987951807229
1 0.6526442307692308 0.46987951807228917 0.03605769230769231 0.05301204819277109
1 0.7512019230769231 0.4385542168674699 0.05048076923076923 0.06265060240963856
1 0.8653846153846154 0.46144578313253015 0.05288461538461539 0.06987951807228916
