0 0.8076923076923077 0.4603365384615385 0.0625 0.07451923076923077
0 0.734375 0.4375 0.07932692307692309 0.09615384615384616
0 0.09495192307692309 0.45072115384615385 0.11298076923076923 0.12740384615384617
0 0.21875 0.43028846153846156 0.07211538461538462 0.08173076923076923
0 0.44230769230769235 0.4375 0.057692307692307696 0.08173076923076923
0 0.3353365384615385 0.3918269230769231 0.09375 0.11538461538461539
0 0.576923076923077 0.4567307692307693 0.05288461538461539 0.07692307692307693
0 0.655048076923077 0.44711538461538464 0.05528846153846154 0.06730769230769232
0 0.8822115384615385 0.4326923076923077 0.057692307692307696 0.07211538461538462
0 0.025240384615384616 0.4399038461538462 0.04567307692307693 0.10096153846153846
0 0.5408653846153847 0.45793269230769235 0.04326923076923077 0.06971153846153846
0 0.5108173076923077 0.45793269230769235 0.026442307692307696 0.04567307692307693
